#delta_H, max e_m1, max e_m2, max e_m3, max e_m4, max e_m5, sim finish time (n Pmoon), wall_time
7.10, 0.2766, 0.2206, 0.2680, 0.4060, 0.3253, 2.2198e+05, 797.83982
7.20, 0.3545, 0.2640, 0.2458, 0.3339, 0.1012, 1.0014e+05, 359.41633
6.10, 0.0971, 0.1052, 0.1903, 0.2474, 0.1359, 1.3526e+06, 4767.31057
7.40, 0.2300, 0.2245, 0.1930, 0.2276, 0.2150, 4.8649e+06, 16895.11055
7.50, 0.2932, 0.2458, 0.1816, 0.1585, 0.1224, 7.8100e+06, 27090.40603
9.50, 0.3998, 0.3561, 0.5239, 0.5222, 0.3756, 2.9058e+05, 1142.45366
6.40, 0.1827, 0.3038, 0.3861, 0.3389, 0.2856, 1.7749e+06, 6270.50860
6.70, 0.1467, 0.0932, 0.1674, 0.0630, 0.0382, 8.2996e+06, 28832.41260
9.60, 0.4792, 0.4350, 0.3295, 0.3022, 0.2217, 5.8091e+05, 2314.24638
9.70, 0.3143, 0.2862, 0.3108, 0.3114, 0.1795, 3.9296e+05, 1456.63448
8.30, 0.0383, 0.0393, 0.0291, 0.0296, 0.0310, 1.0001e+07, 34202.38778
8.70, 0.0155, 0.0149, 0.0153, 0.0140, 0.0122, 1.0001e+07, 34167.46637
9.80, 0.3469, 0.5385, 0.6130, 0.4023, 0.4004, 1.7199e+06, 6169.73122
6.50, 0.1718, 0.1226, 0.1844, 0.1450, 0.1003, 4.6242e+06, 16181.86784
6.60, 0.1197, 0.1645, 0.1761, 0.1109, 0.0888, 7.6996e+05, 2708.44737
8.00, 0.0346, 0.0329, 0.0320, 0.0249, 0.0234, 1.0001e+07, 34196.76073
9.90, 0.3739, 0.4130, 0.3547, 0.4534, 0.1733, 4.0461e+06, 13991.69684
6.80, 0.1478, 0.1585, 0.2835, 0.2441, 0.2312, 7.5452e+06, 26148.58050
9.10, 0.0246, 0.0235, 0.0230, 0.0211, 0.0174, 1.0001e+07, 34072.19943
7.60, 0.3920, 0.2549, 0.2135, 0.3058, 0.3516, 9.0709e+06, 31209.20404
7.70, 0.2977, 0.2230, 0.2426, 0.1891, 0.1301, 1.9933e+05, 706.66655
8.40, 0.0132, 0.0129, 0.0114, 0.0112, 0.0121, 1.0001e+07, 33990.70667
8.80, 0.0112, 0.0111, 0.0101, 0.0097, 0.0095, 1.0001e+07, 33924.88212
7.80, 0.2066, 0.1758, 0.1516, 0.1208, 0.1001, 2.9013e+06, 10027.55763
8.10, 0.2378, 0.1736, 0.1997, 0.2887, 0.3009, 7.2997e+06, 25133.76863
10.30, 0.0169, 0.0144, 0.0097, 0.0107, 0.0169, 1.0001e+07, 33856.30708
12.60, 0.4265, 0.4365, 0.3741, 0.1115, 0.0655, 2.2245e+06, 4766.76444
12.20, 0.0015, 0.0022, 0.0030, 0.0108, 0.0499, 1.0001e+07, 19992.05668
12.10, 0.0019, 0.0021, 0.0032, 0.0100, 0.0464, 1.0001e+07, 19999.48221
12.00, 0.0027, 0.0035, 0.0040, 0.0099, 0.0441, 1.0001e+07, 20002.02800
11.80, 0.0022, 0.0025, 0.0032, 0.0094, 0.0383, 1.0001e+07, 20027.12042
12.50, 0.0021, 0.0025, 0.0035, 0.0115, 0.0604, 1.0001e+07, 20037.48038
12.40, 0.0023, 0.0029, 0.0037, 0.0113, 0.0564, 1.0001e+07, 20041.30444
12.30, 0.0021, 0.0034, 0.0044, 0.0135, 0.0529, 1.0001e+07, 20049.31629
12.70, 0.1606, 0.1653, 0.1399, 0.0213, 0.0693, 1.0001e+07, 20503.78714
12.80, 0.4749, 0.4217, 0.3626, 0.1362, 0.0803, 6.8574e+06, 14606.64829
13.60, 0.0000, 0.0000, 0.0000, 0.0000, 0.0000, 0.0000e+00, 0.00137
12.90, 0.3686, 0.4406, 0.3633, 0.0233, 0.0799, 9.7010e+06, 19811.54067
13.20, 0.0030, 0.0026, 0.0033, 0.0158, 0.0970, 1.0001e+07, 19957.99270
13.10, 0.0016, 0.0023, 0.0033, 0.0152, 0.0909, 1.0001e+07, 19971.96722
13.30, 0.0019, 0.0021, 0.0033, 0.0168, 0.1054, 1.0001e+07, 19981.05294
13.40, 0.0062, 0.0081, 0.0078, 0.0175, 0.1137, 1.0001e+07, 19973.10986
13.00, 0.4509, 0.4625, 0.3727, 0.2527, 0.1005, 9.9608e+06, 20109.15578
13.50, 0.0086, 0.0091, 0.0076, 0.0184, 0.1231, 1.0001e+07, 17840.81607
7.90, 0.2322, 0.1799, 0.1389, 0.1262, 0.1061, 2.2806e+06, 4777.26624
9.40, 0.2180, 0.2085, 0.1870, 0.1489, 0.1174, 8.9034e+05, 1887.28204
6.90, 0.3314, 0.3040, 0.2858, 0.3833, 0.1847, 8.5892e+06, 17890.37566
10.00, 0.3237, 0.3407, 0.3101, 0.1875, 0.1217, 5.4317e+06, 11272.07324
9.30, 0.0246, 0.0246, 0.0232, 0.0214, 0.0204, 1.0001e+07, 20465.92732
9.20, 0.0151, 0.0163, 0.0150, 0.0165, 0.0136, 1.0001e+07, 20469.35060
8.90, 0.0114, 0.0125, 0.0127, 0.0115, 0.0112, 1.0001e+07, 20497.30250
8.60, 0.0149, 0.0148, 0.0119, 0.0115, 0.0110, 1.0001e+07, 20527.81599
8.50, 0.0109, 0.0114, 0.0115, 0.0101, 0.0108, 1.0001e+07, 20532.98123
8.20, 0.0880, 0.1019, 0.0406, 0.0297, 0.0361, 1.0001e+07, 20624.52418
10.10, 0.2995, 0.2968, 0.3023, 0.1890, 0.0631, 7.5783e+06, 15544.03831
10.20, 0.1715, 0.1460, 0.1315, 0.0983, 0.0176, 1.0001e+07, 20362.20284
10.50, 0.0079, 0.0066, 0.0061, 0.0076, 0.0188, 1.0001e+07, 20097.22865
10.40, 0.0131, 0.0111, 0.0109, 0.0108, 0.0182, 1.0001e+07, 20101.37136
10.60, 0.0086, 0.0069, 0.0066, 0.0090, 0.0197, 1.0001e+07, 20087.46382
10.80, 0.0064, 0.0065, 0.0075, 0.0087, 0.0216, 1.0001e+07, 20062.01221
10.70, 0.0061, 0.0054, 0.0062, 0.0076, 0.0206, 1.0001e+07, 20095.34755
10.90, 0.0071, 0.0056, 0.0061, 0.0073, 0.0234, 1.0001e+07, 20028.62188
11.00, 0.0065, 0.0063, 0.0060, 0.0075, 0.0245, 1.0001e+07, 14856.35093
11.90, 0.0013, 0.0019, 0.0027, 0.0095, 0.0416, 1.0001e+07, 20018.16629
11.50, 0.0087, 0.0076, 0.0078, 0.0086, 0.0327, 1.0001e+07, 20034.19902
11.70, 0.0038, 0.0035, 0.0035, 0.0090, 0.0365, 1.0001e+07, 20050.72912
11.40, 0.0063, 0.0067, 0.0065, 0.0082, 0.0303, 1.0001e+07, 20050.98571
11.60, 0.0117, 0.0099, 0.0095, 0.0088, 0.0343, 1.0001e+07, 20057.67047
11.20, 0.0188, 0.0159, 0.0141, 0.0099, 0.0274, 1.0001e+07, 20058.24035
11.10, 0.0067, 0.0060, 0.0065, 0.0075, 0.0263, 1.0001e+07, 20064.18876
11.30, 0.0115, 0.0122, 0.0114, 0.0104, 0.0292, 1.0001e+07, 20067.09195
3.77, 0.0000, 0.0000, 0.0000, 0.0000, 0.0000, 1.6223e+01, 0.04055
3.95, 0.0000, 0.0000, 0.0000, 0.0000, 0.0000, 1.9081e+01, 0.04724
3.50, 0.0000, 0.0000, 0.0000, 0.0000, 0.0000, 2.0278e+01, 0.04918
3.78, 0.0000, 0.0000, 0.0000, 0.0000, 0.0000, 1.2662e+01, 0.02744
3.96, 0.0000, 0.0000, 0.0000, 0.0000, 0.0000, 1.9183e+01, 0.04121
3.51, 0.0000, 0.0000, 0.0000, 0.0000, 0.0000, 2.0249e+01, 0.04360
3.79, 0.0000, 0.0000, 0.0000, 0.0000, 0.0000, 1.2592e+01, 0.02687
3.86, 0.0000, 0.0000, 0.0000, 0.0000, 0.0000, 4.3565e+01, 0.09925
3.80, 0.0000, 0.0000, 0.0000, 0.0000, 0.0000, 1.2567e+01, 0.02659
3.52, 0.0000, 0.0000, 0.0000, 0.0000, 0.0000, 2.5658e+01, 0.05417
3.81, 0.0000, 0.0000, 0.0000, 0.0000, 0.0000, 1.2586e+01, 0.02703
3.59, 0.0000, 0.0000, 0.0000, 0.0000, 0.0000, 7.6896e+01, 0.17422
3.68, 0.0000, 0.0000, 0.0000, 0.0000, 0.0000, 8.3379e+01, 0.18708
3.53, 0.0000, 0.0000, 0.0000, 0.0000, 0.0000, 2.1392e+01, 0.04542
3.87, 0.0000, 0.0000, 0.0000, 0.0000, 0.0000, 4.4220e+01, 0.10298
3.82, 0.0000, 0.0000, 0.0000, 0.0000, 0.0000, 4.0123e+01, 0.08525
3.54, 0.0000, 0.0000, 0.0000, 0.0000, 0.0000, 2.1243e+01, 0.04524
3.88, 0.0000, 0.0000, 0.0000, 0.0000, 0.0000, 1.9060e+01, 0.04054
3.97, 0.0000, 0.0000, 0.0000, 0.0000, 0.0000, 1.2931e+02, 0.28734
3.89, 0.0000, 0.0000, 0.0000, 0.0000, 0.0000, 6.0285e+01, 0.14669
3.55, 0.0000, 0.0000, 0.0000, 0.0000, 0.0000, 7.3104e+01, 0.15690
3.83, 0.0000, 0.0000, 0.0000, 0.0000, 0.0000, 8.9130e+01, 0.19232
3.60, 0.0000, 0.0000, 0.0000, 0.0000, 0.0000, 1.2167e+02, 0.27867
3.84, 0.0000, 0.0000, 0.0000, 0.0000, 0.0000, 1.6072e+01, 0.03451
3.69, 0.0000, 0.0000, 0.0000, 0.0000, 0.0000, 1.2609e+02, 0.30284
4.04, 0.0000, 0.0000, 0.0000, 0.0000, 0.0000, 2.3898e+02, 0.52440
3.70, 0.0000, 0.0000, 0.0000, 0.0000, 0.0000, 2.9649e+01, 0.06256
3.85, 0.0000, 0.0000, 0.0000, 0.0000, 0.0000, 4.4996e+01, 0.09649
3.56, 0.0000, 0.0000, 0.0000, 0.0000, 0.0000, 1.0024e+02, 0.21790
3.90, 0.0000, 0.0000, 0.0000, 0.0000, 0.0000, 1.0226e+02, 0.24279
3.71, 0.0000, 0.0000, 0.0000, 0.0000, 0.0000, 4.1571e+01, 0.08931
3.72, 0.0000, 0.0000, 0.0000, 0.0000, 0.0000, 1.8158e+01, 0.03937
3.98, 0.0000, 0.0000, 0.0000, 0.0000, 0.0000, 1.4375e+02, 0.30836
3.57, 0.0000, 0.0000, 0.0000, 0.0000, 0.0000, 4.5316e+01, 0.09611
3.73, 0.0000, 0.0000, 0.0000, 0.0000, 0.0000, 4.0513e+01, 0.09253
3.99, 0.0000, 0.0000, 0.0000, 0.0000, 0.0000, 5.0905e+01, 0.10943
3.58, 0.0000, 0.0000, 0.0000, 0.0000, 0.0000, 6.4358e+01, 0.13624
3.91, 0.0000, 0.0000, 0.0000, 0.0000, 0.0000, 9.9609e+01, 0.23121
3.74, 0.0000, 0.0000, 0.0000, 0.0000, 0.0000, 5.4217e+01, 0.12976
3.92, 0.0000, 0.0000, 0.0000, 0.0000, 0.0000, 3.5044e+01, 0.07549
4.00, 0.0000, 0.0000, 0.0000, 0.0000, 0.0000, 9.8948e+01, 0.21283
4.01, 0.0000, 0.0000, 0.0000, 0.0000, 0.0000, 2.5683e+01, 0.05480
3.75, 0.0000, 0.0000, 0.0000, 0.0000, 0.0000, 7.3836e+01, 0.16012
3.61, 0.0000, 0.0000, 0.0000, 0.0000, 0.0000, 3.2818e+02, 0.70161
3.93, 0.0000, 0.0000, 0.0000, 0.0000, 0.0000, 1.0397e+02, 0.22748
3.76, 0.0000, 0.0000, 0.0000, 0.0000, 0.0000, 4.8106e+01, 0.10420
4.02, 0.0000, 0.0000, 0.0000, 0.0000, 0.0000, 6.4889e+01, 0.13847
3.94, 0.0000, 0.0000, 0.0000, 0.0000, 0.0000, 1.9069e+01, 0.04173
3.62, 0.0000, 0.0000, 0.0000, 0.0000, 0.0000, 6.3851e+01, 0.13403
3.63, 0.0000, 0.0000, 0.0000, 0.0000, 0.0000, 2.5017e+01, 0.05335
3.64, 0.0000, 0.0000, 0.0000, 0.0000, 0.0000, 2.1095e+01, 0.04477
3.65, 0.0000, 0.0000, 0.0000, 0.0000, 0.0000, 1.4427e+02, 0.32211
3.66, 0.0000, 0.0000, 0.0000, 0.0000, 0.0000, 3.5300e+01, 0.07569
3.67, 0.0000, 0.0000, 0.0000, 0.0000, 0.0000, 3.9750e+01, 0.08712
4.03, 0.0901, 0.0488, 0.0336, 0.0457, 0.0345, 1.4978e+03, 3.29050
4.05, 0.0128, 0.0381, 0.0596, 0.0514, 0.0455, 1.9533e+03, 4.36156
4.13, 0.0374, 0.0499, 0.0476, 0.0424, 0.0463, 3.2537e+03, 6.98563
4.67, 0.0740, 0.0377, 0.0414, 0.0242, 0.0158, 1.8422e+03, 3.89821
4.68, 0.0400, 0.0316, 0.0226, 0.0128, 0.0093, 1.4257e+03, 3.01737
4.40, 0.0240, 0.0285, 0.0313, 0.0186, 0.0150, 4.9376e+03, 10.47083
4.31, 0.0668, 0.0358, 0.0328, 0.0533, 0.0635, 5.3710e+03, 11.51162
4.69, 0.0000, 0.0000, 0.0000, 0.0000, 0.0000, 8.3986e+02, 1.77455
4.49, 0.0232, 0.0168, 0.0420, 0.0309, 0.0200, 5.9448e+03, 12.49108
4.70, 0.0000, 0.0000, 0.0000, 0.0000, 0.0000, 8.1676e+02, 1.77977
4.71, 0.0000, 0.0000, 0.0000, 0.0000, 0.0000, 2.5715e+02, 0.55927
4.72, 0.0000, 0.0000, 0.0000, 0.0000, 0.0000, 3.0527e+02, 0.68868
4.73, 0.0000, 0.0000, 0.0000, 0.0000, 0.0000, 9.3578e+02, 2.06569
4.58, 0.0375, 0.0282, 0.0332, 0.0295, 0.0224, 7.7209e+03, 16.75866
4.74, 0.0000, 0.0000, 0.0000, 0.0000, 0.0000, 8.3881e+02, 1.80255
4.22, 0.1194, 0.1127, 0.1574, 0.0999, 0.1326, 9.2943e+03, 19.96671
4.75, 0.0000, 0.0000, 0.0000, 0.0000, 0.0000, 6.3403e+02, 1.32949
4.59, 0.0134, 0.0057, 0.0626, 0.0100, 0.0363, 1.8634e+03, 3.94804
4.41, 0.0314, 0.0430, 0.0388, 0.0435, 0.0567, 5.7601e+03, 12.19769
4.76, 0.0370, 0.0433, 0.0564, 0.0368, 0.0367, 1.2674e+03, 2.66086
4.60, 0.0353, 0.0219, 0.0675, 0.0518, 0.0169, 1.1259e+03, 2.35388
4.06, 0.0634, 0.0642, 0.0577, 0.0612, 0.0485, 9.7168e+03, 20.89167
4.77, 0.0377, 0.0351, 0.0171, 0.0042, 0.0203, 1.4447e+03, 3.05605
4.32, 0.0267, 0.0333, 0.0499, 0.0398, 0.0324, 7.2980e+03, 15.67396
4.61, 0.0410, 0.1426, 0.0791, 0.0441, 0.0380, 2.0080e+03, 4.42204
4.07, 0.0472, 0.0497, 0.0585, 0.0303, 0.0215, 1.6578e+03, 3.68343
4.78, 0.0640, 0.0432, 0.0403, 0.0179, 0.0148, 1.4494e+03, 3.16699
4.14, 0.0507, 0.0709, 0.0721, 0.0725, 0.0451, 1.1392e+04, 24.56691
4.42, 0.0381, 0.0116, 0.0424, 0.0129, 0.0332, 4.4624e+03, 9.36576
4.23, 0.0348, 0.1222, 0.0925, 0.1037, 0.0374, 6.0420e+03, 12.84028
4.08, 0.0662, 0.0534, 0.0775, 0.0325, 0.0367, 2.3700e+03, 5.05595
4.62, 0.0548, 0.0845, 0.0511, 0.0536, 0.0679, 3.2659e+03, 6.98262
4.79, 0.1278, 0.1507, 0.1132, 0.1306, 0.1121, 2.6281e+03, 6.14285
4.43, 0.0093, 0.0320, 0.0174, 0.0155, 0.0129, 2.2868e+03, 4.79891
4.80, 0.0000, 0.0000, 0.0000, 0.0000, 0.0000, 7.3722e+02, 1.56969
4.33, 495089.3916, 746112.2951, 0.0568, 0.2395, 0.1352, 5.0000e+03, 10.29665
4.81, 0.0838, 0.0545, 0.0532, 0.0444, 0.0414, 1.3445e+03, 2.89836
4.24, 0.0239, 0.0395, 0.0308, 0.0327, 0.0442, 3.7629e+03, 7.96225
4.50, 0.0538, 0.0548, 0.0475, 0.0191, 0.0320, 1.3783e+04, 29.22276
4.82, 0.0505, 0.1084, 0.0404, 0.1134, 0.0210, 1.4116e+03, 3.25177
4.44, 0.1148, 0.1487, 0.0587, 0.0639, 0.0335, 3.0448e+03, 6.52636
4.83, 0.0000, 0.0000, 0.0000, 0.0000, 0.0000, 2.2906e+02, 0.48026
4.34, 0.0224, 0.0281, 0.0216, 0.0255, 0.0190, 3.8244e+03, 8.14163
4.84, 0.1082, 0.0697, 0.0587, 0.0807, 0.0195, 1.1320e+03, 2.44461
4.09, 0.0593, 0.0611, 0.0615, 0.0597, 0.0554, 5.8920e+03, 12.71904
4.63, 0.0417, 0.0297, 0.0288, 0.0212, 0.0148, 5.9972e+03, 12.80657
4.85, 0.0141, 0.1058, 0.1440, 0.0491, 0.0069, 1.1478e+03, 2.46672
4.51, 0.0271, 0.0395, 0.0280, 0.0293, 0.0172, 3.5569e+03, 7.44455
4.86, 0.0000, 0.0000, 0.0000, 0.0000, 0.0000, 9.3823e+02, 2.04316
4.35, 0.0614, 0.0579, 0.0579, 0.0259, 0.0410, 2.4070e+03, 5.18445
4.87, 0.0000, 0.0000, 0.0000, 0.0000, 0.0000, 6.0635e+02, 1.29224
4.64, 0.0358, 0.0268, 0.0204, 0.0209, 0.0026, 1.8119e+03, 4.01473
4.88, 0.0000, 0.0000, 0.0000, 0.0000, 0.0000, 1.9330e+02, 0.40845
4.89, 0.0476, 0.0732, 0.0263, 0.0243, 0.0084, 1.2110e+03, 2.57035
4.52, 0.0151, 0.0243, 0.0158, 0.0101, 0.0076, 3.9125e+03, 8.30711
4.25, 0.0426, 0.0370, 0.0576, 0.0317, 0.0309, 8.3745e+03, 17.66941
4.45, 0.0492, 0.0329, 0.0388, 0.0349, 0.0416, 7.5618e+03, 16.23343
4.65, 0.0338, 0.0299, 0.0217, 0.0346, 0.0274, 4.4369e+03, 9.30583
4.90, 0.0514, 0.0554, 0.0569, 0.0395, 0.0562, 4.9071e+03, 10.45093
4.53, 0.0333, 0.0264, 0.0155, 0.0389, 0.0218, 4.6831e+03, 10.02935
4.66, 0.0833, 0.1159, 0.0506, 0.1069, 0.1893, 3.0373e+03, 6.60034
4.10, 0.0683, 0.0606, 0.0637, 0.0570, 0.0491, 1.0820e+04, 23.23789
4.15, 0.0536, 0.0666, 0.0610, 0.0551, 0.0305, 1.8820e+04, 39.83250
4.46, 0.0372, 0.0368, 0.0576, 0.0878, 0.0726, 5.1723e+03, 10.90589
4.36, 0.0365, 0.0274, 0.0374, 0.0297, 0.0379, 9.8601e+03, 20.99529
4.91, 0.0854, 0.1688, 0.1205, 0.0702, 0.0192, 3.7288e+03, 8.21101
4.26, 0.0445, 0.0793, 0.0413, 0.1404, 0.0904, 9.2340e+03, 19.52337
4.37, 0.1122, 0.1526, 0.1250, 0.1002, 0.0550, 3.0775e+03, 6.68593
4.94, 0.0895, 0.0617, 0.0582, 0.0634, 0.1088, 5.3118e+03, 11.38044
4.92, 0.0966, 0.0489, 0.0749, 0.0656, 0.0414, 3.8425e+03, 8.47022
4.11, 0.0571, 0.0578, 0.1105, 0.0444, 0.0633, 7.0644e+03, 15.05825
4.27, 0.0303, 0.0396, 0.0421, 0.0459, 0.0269, 5.3584e+03, 11.33491
4.95, 0.0241, 0.0313, 0.0696, 0.0227, 0.0246, 4.5081e+03, 9.63954
4.16, 0.0415, 0.0582, 0.0520, 0.0430, 0.0352, 8.9905e+03, 19.42305
4.54, 0.0183, 0.0300, 0.0523, 0.0244, 0.0219, 1.2357e+04, 25.99122
4.38, 0.2273, 0.2085, 0.1300, 0.0639, 0.0939, 7.7198e+03, 17.75593
4.28, 0.0267, 0.0194, 0.0158, 0.0228, 0.0229, 3.5499e+03, 7.44275
4.12, 0.0471, 0.0618, 0.0482, 0.0706, 0.0437, 6.7123e+03, 14.35874
4.55, 0.0142, 0.0192, 0.0104, 0.0105, 0.0019, 2.8925e+03, 6.31833
4.39, 0.0159, 0.0353, 0.0397, 0.0552, 0.0616, 2.3077e+03, 4.94945
4.96, 0.0490, 0.0301, 0.0597, 0.0862, 0.0542, 6.7609e+03, 14.27241
4.47, 0.2296, 0.1963, 0.8423, 0.6743, 0.5274, 1.4346e+04, 33.32223
4.29, 0.0193, 0.0312, 0.0128, 0.0249, 0.0336, 7.9021e+03, 16.90078
4.93, 0.0667, 0.0440, 0.0453, 0.0539, 0.0362, 1.4871e+04, 31.36863
4.48, 0.0206, 0.0316, 0.0421, 0.0270, 0.0119, 4.6833e+03, 9.97924
4.56, 0.1033, 0.1681, 0.1808, 0.1049, 0.1509, 9.5736e+03, 20.66595
4.30, 0.0163, 0.0306, 0.0336, 0.0314, 0.0203, 3.7977e+03, 7.99932
5.03, 0.1429, 0.2743, 0.1543, 0.0881, 0.0950, 1.0825e+04, 23.83087
4.17, 0.0391, 0.0598, 0.0739, 0.0505, 0.0519, 1.6260e+04, 34.61006
5.39, 0.1525, 0.0983, 0.1346, 0.1050, 0.1200, 2.4462e+03, 5.59351
5.30, 0.0586, 0.0584, 0.0538, 0.0560, 0.0253, 7.7937e+03, 16.46339
5.40, 0.0607, 0.0419, 0.0921, 0.0428, 0.0756, 2.3846e+03, 5.01342
5.41, 0.0195, 0.0527, 0.0703, 0.0253, 0.0423, 1.4754e+03, 3.27380
4.57, 0.0304, 0.0147, 0.0191, 0.0188, 0.0127, 8.7427e+03, 18.40920
4.97, 0.0611, 0.0570, 0.0399, 0.0518, 0.0463, 1.7447e+04, 36.80931
5.21, 0.1799, 0.2129, 0.1823, 0.3145, 0.2264, 1.2700e+04, 28.15577
5.48, 0.0690, 0.0501, 0.0394, 0.0252, 0.0618, 1.5533e+03, 3.29157
5.42, 0.1446, 0.1707, 0.1142, 0.0707, 0.0460, 5.2181e+03, 11.42839
5.43, 0.0000, 0.0000, 0.0000, 0.0000, 0.0000, 5.4573e+02, 1.17942
5.49, 0.1169, 0.1019, 0.0492, 0.1693, 0.2074, 4.5900e+03, 10.39754
5.31, 0.2545, 0.2160, 0.2452, 0.2807, 0.2662, 1.1646e+04, 26.17605
4.18, 0.0420, 0.0486, 0.0335, 0.0516, 0.0295, 1.5854e+04, 33.65394
5.50, 0.1030, 0.0504, 0.1154, 0.0976, 0.0916, 3.6808e+03, 7.92133
5.51, 0.0000, 0.0000, 0.0000, 0.0000, 0.0000, 8.9026e+02, 1.88828
5.32, 0.0580, 0.1145, 0.1304, 0.1155, 0.1038, 2.8612e+03, 6.28204
5.22, 0.0488, 0.0423, 0.0597, 0.0629, 0.0450, 1.0403e+04, 21.83563
4.98, 0.1433, 0.2361, 0.0960, 0.2678, 0.1195, 1.2039e+04, 25.54211
5.52, 0.1252, 0.0859, 0.2028, 0.0971, 0.0655, 2.0796e+03, 4.54005
5.12, 0.0741, 0.0419, 0.0909, 0.0381, 0.0411, 3.2028e+04, 67.36715
4.19, 0.0351, 0.0304, 0.0385, 0.0576, 0.0322, 4.8976e+03, 10.35396
5.33, 0.0552, 0.0414, 0.0687, 0.0627, 0.0379, 2.7279e+03, 5.75498
5.44, 0.0804, 0.0734, 0.1327, 0.0687, 0.0894, 1.0149e+04, 22.19402
5.53, 0.0832, 1764679.7493, 112.4519, 0.1150, 0.1265, 2.0000e+03, 4.26947
5.34, 0.0314, 0.0766, 0.1211, 0.0607, 0.0244, 2.0241e+03, 4.38931
5.45, 0.0469, 0.0237, 0.0283, 0.0307, 0.0438, 1.4644e+03, 3.22900
5.46, 0.0000, 0.0000, 0.0000, 0.0000, 0.0000, 7.6651e+02, 1.63000
5.54, 0.2502, 0.2441, 0.3201, 0.1448, 0.1346, 1.8371e+03, 4.84446
5.35, 0.0237, 0.0405, 0.0340, 0.0201, 0.0196, 1.8854e+03, 3.98981
5.55, 0.0448, 15892.2811, 0.1642, 0.0283, 0.0611, 1.0000e+03, 2.11693
5.47, 0.0843, 0.0746, 0.1255, 0.0878, 0.1924, 3.4090e+03, 7.29326
5.36, 0.0646, 0.0604, 0.0745, 0.0096, 0.0581, 2.4218e+03, 5.12679
4.99, 0.0604, 0.0698, 0.0418, 0.0541, 0.0222, 8.2733e+03, 17.65580
5.56, 0.1338, 0.2346, 0.1041, 0.1076, 0.1067, 2.3594e+03, 5.91693
4.20, 0.0439, 0.0783, 0.0580, 0.0579, 0.0655, 7.4801e+03, 16.20844
5.37, 0.0784, 0.0713, 0.0466, 0.0519, 0.0422, 3.4519e+03, 7.28348
5.23, 0.0688, 0.1021, 0.0625, 0.0729, 0.0492, 1.3756e+04, 29.16385
5.38, 0.0639, 0.0529, 0.0277, 0.0400, 0.0230, 1.5328e+03, 3.24452
5.57, 0.1186, 0.1329, 0.0993, 0.0798, 0.0550, 5.9763e+03, 13.19891
5.58, 0.0000, 0.0000, 0.0000, 0.0000, 0.0000, 1.4442e+02, 0.30232
5.00, 0.0356, 0.0549, 0.0431, 0.1050, 0.0597, 7.3383e+03, 15.42929
5.13, 0.0401, 0.0496, 0.0163, 0.0129, 0.0309, 1.4769e+04, 31.09709
5.04, 0.0560, 0.0245, 0.0594, 0.0592, 0.0168, 3.6942e+04, 77.36693
4.21, 0.0413, 0.0462, 0.0511, 0.0456, 0.0292, 8.5866e+03, 18.29799
5.24, 0.1420, 0.1522, 0.1007, 0.0994, 0.0229, 5.5154e+03, 11.87302
5.59, 0.1927, 0.1480, 0.1361, 0.2812, 0.0970, 4.0296e+03, 8.96268
5.60, 0.0565, 0.0734, 0.1112, 0.1115, 0.0214, 1.9742e+03, 4.48493
5.25, 0.0316, 0.0998, 0.0380, 0.0297, 0.0305, 2.9023e+03, 6.23441
5.05, 0.0258, 0.0277, 0.0184, 0.0109, 0.0100, 9.7570e+03, 20.43776
5.26, 0.0633, 0.0544, 0.0484, 0.0236, 0.0176, 6.5647e+03, 13.81706
5.61, 0.1629, 0.2071, 0.1319, 0.1450, 0.1001, 1.2054e+04, 26.69098
5.27, 0.0660, 0.0746, 0.1009, 0.0482, 0.0806, 7.7450e+03, 16.57810
5.01, 0.0955, 0.0663, 0.0418, 0.0534, 0.0499, 2.2278e+04, 46.94686
5.14, 0.1222, 0.0390, 0.1175, 0.0576, 0.0241, 2.3125e+04, 48.41837
5.02, 0.0386, 0.0432, 0.0339, 0.0225, 0.0103, 3.7291e+03, 7.97563
5.06, 0.2084, 0.3366, 0.2049, 0.1127, 0.1358, 2.1444e+04, 46.06940
5.28, 0.0782, 0.0231, 0.0644, 0.1494, 0.0836, 1.2908e+04, 28.06288
5.29, 0.0634, 0.0644, 0.0238, 0.0712, 0.0622, 2.5584e+03, 5.40160
5.15, 0.2801, 0.2595, 0.0741, 0.2159, 0.1466, 1.6104e+04, 34.36112
5.07, 0.0383, 0.0490, 0.0543, 0.0430, 0.0190, 1.7724e+04, 37.28973
5.16, 0.0455, 0.0466, 0.0767, 0.0520, 0.0199, 1.5753e+04, 33.25719
5.62, 0.1452, 0.1281, 0.1296, 0.1560, 0.1387, 4.3478e+04, 94.09966
5.63, 0.0753, 0.0717, 0.0883, 0.0726, 0.0764, 3.6192e+03, 7.78688
5.66, 0.1135, 0.1307, 0.1526, 0.1090, 0.1040, 7.2865e+04, 155.22225
5.17, 0.0631, 0.0744, 0.0608, 0.1583, 0.0770, 2.4684e+04, 51.91578
5.64, 0.1510, 0.1626, 0.3059, 0.3041, 0.2438, 1.4557e+04, 32.00089
5.08, 0.0458, 0.0687, 0.0960, 0.0870, 0.0257, 3.9206e+04, 82.37256
5.67, 0.1246, 0.1172, 0.0969, 0.1094, 0.1287, 2.3422e+04, 50.05884
5.93, 0.0895, 0.1025, 0.1217, 0.1322, 0.0772, 6.5735e+04, 137.54078
5.65, 0.1369, 0.1117, 0.1293, 0.1284, 0.1441, 1.2679e+04, 27.52229
5.84, 0.1595, 0.1480, 0.1293, 0.0962, 0.0810, 9.6794e+04, 203.56898
5.18, 0.0559, 0.0410, 0.0403, 0.0431, 0.0214, 4.0733e+04, 80.36645
5.09, 0.0807, 0.0544, 0.0820, 0.1001, 0.1083, 3.2089e+04, 62.60004
5.75, 0.1999, 0.1462, 0.1371, 0.1665, 0.1338, 1.3216e+05, 270.60827
5.10, 0.0751, 0.0493, 0.0440, 0.0728, 0.0974, 1.9160e+04, 37.77834
5.19, 0.0551, 0.0648, 0.0608, 0.0433, 0.0233, 2.1075e+04, 39.83292
5.20, 0.0465, 0.0675, 0.0347, 0.0300, 0.0209, 1.6153e+04, 30.53413
5.68, 0.1662, 0.1430, 0.1512, 0.1670, 0.1981, 6.7258e+04, 132.47364
5.11, 0.0665, 0.1637, 0.1182, 0.1322, 0.1238, 2.8104e+04, 54.76753
5.85, 0.1619, 0.0901, 0.1049, 0.1147, 0.1014, 1.1107e+05, 193.22112
5.69, 0.1708, 0.1577, 0.1378, 0.1266, 0.1150, 4.3532e+04, 82.63721
5.76, 0.1163, 0.1707, 0.1021, 0.1090, 0.1095, 1.5387e+05, 257.33058
5.86, 0.1186, 0.1209, 0.1253, 0.0920, 0.0857, 8.9333e+04, 122.40361
5.70, 0.1553, 0.1374, 0.1675, 0.1350, 0.1256, 1.4866e+05, 204.39271
5.94, 0.1259, 0.1053, 0.1240, 0.0947, 0.1020, 2.6948e+05, 443.81084
5.87, 0.1093, 0.1031, 0.0808, 0.0779, 0.0808, 1.1348e+05, 145.86281
5.77, 0.1512, 0.2065, 0.1302, 0.1585, 0.1314, 1.0513e+05, 179.46365
6.02, 0.2945, 0.1808, 0.2935, 0.1677, 0.1588, 3.9403e+05, 668.41853
5.71, 0.3507, 0.1639, 0.2644, 0.2035, 0.2403, 1.3424e+05, 245.12276
5.88, 0.1210, 0.0896, 141339833.7239, 147317149.0120, 0.1075, 1.3000e+05, 201.27198
5.95, 0.1234, 0.1439, 0.0934, 0.1730, 0.0970, 1.6026e+05, 251.53222
5.78, 0.1959, 0.1507, 0.1926, 0.1712, 0.2126, 1.4970e+05, 200.95457
5.72, 0.1793, 0.2461, 0.1438, 0.1030, 0.0996, 6.5046e+04, 135.17929
5.79, 0.1180, 0.1249, 0.1224, 0.1250, 0.1125, 9.6631e+04, 125.41876
5.89, 0.1340, 0.1094, 0.1080, 0.0983, 0.0798, 1.2784e+05, 164.27619
5.80, 0.1196, 0.0997, 0.1041, 0.1026, 0.0845, 4.3417e+04, 56.07629
5.73, 0.1612, 0.1603, 0.1931, 0.1295, 0.1082, 8.0157e+04, 168.70740
5.90, 0.2051, 0.2328, 0.1302, 0.1139, 0.1219, 1.1395e+05, 146.96633
5.96, 0.1108, 0.1489, 0.0739, 0.1094, 0.0640, 1.4927e+05, 295.10572
5.81, 0.0951, 0.2804, 0.1307, 0.1095, 0.0879, 8.2131e+04, 107.05115
5.74, 0.1791, 0.2254, 0.1850, 0.1899, 0.1654, 1.0816e+05, 179.06556
5.82, 0.1588, 0.2146, 0.3455, 0.2610, 0.1583, 1.1540e+05, 188.46673
5.91, 0.2052, 0.2501, 0.1202, 0.1144, 0.0962, 2.1379e+05, 273.09132
6.03, 0.1517, 0.1527, 0.1319, 0.1610, 0.1433, 5.8937e+05, 774.78095
5.83, 0.1441, 0.1722, 0.1008, 0.1151, 0.1278, 1.5182e+05, 193.93747
5.92, 0.1161, 0.1628, 0.0770, 0.0678, 0.0760, 1.1829e+05, 150.49237
5.97, 0.1053, 0.1393, 0.1659, 0.1164, 0.0990, 4.4288e+05, 602.08514
6.04, 0.1745, 0.1941, 0.1247, 0.1918, 0.1596, 4.9014e+05, 619.35237
5.98, 15652271.1996, 31963089.6857, 0.2294, 0.1995, 0.1161, 3.2700e+05, 410.03759
6.05, 0.1329, 0.1933, 0.1176, 0.1127, 0.0575, 4.8506e+05, 612.10550
5.99, 0.1190, 0.1095, 0.1451, 0.1041, 0.1070, 4.8679e+05, 611.01508
6.00, 0.1518, 0.1300, 0.1783, 0.1797, 0.0834, 3.1338e+05, 394.72676
6.01, 0.1006, 0.1485, 0.0822, 0.0564, 0.0847, 3.0320e+05, 381.54533
6.06, 0.1627, 0.1210, 0.1597, 0.1556, 0.0982, 1.4186e+06, 1778.69626
6.07, 0.1827, 0.1340, 0.2399, 0.2172, 0.1122, 1.3240e+06, 1659.48955
6.08, 0.0980, 0.1166, 0.0829, 0.0752, 0.0917, 8.6684e+05, 1087.40217
6.09, 0.1022, 0.1034, 0.1419, 0.1312, 0.1194, 1.0253e+06, 1284.12806
