7.10, 0.3335, 102726.4256, 0.2951, 0.1436, 0.7704, 4.3300e+05, 910.45964
7.20, 0.1585, 0.2571, 0.3368, 0.2743, 0.2102, 1.8642e+05, 397.35868
7.50, 0.2080, 0.1725, 0.1505, 0.1642, 0.0909, 1.3199e+06, 2695.54295
7.30, 0.2835, 0.2094, 0.1962, 0.2007, 0.1971, 7.2068e+05, 1486.70788
6.10, 0.1423, 0.0990, 0.0758, 0.0775, 0.0668, 8.1330e+05, 1691.09196
7.90, 0.3430, 1413.1428, 0.8199, 0.1218, 0.1123, 1.6530e+06, 3370.09693
6.70, 0.1565, 0.1451, 0.1177, 0.1334, 0.0972, 1.8607e+06, 3791.88920
6.30, 0.1293, 0.1102, 0.1146, 0.1430, 0.0928, 1.9756e+06, 4020.85027
7.40, 0.2046, 0.1406, 0.2362, 0.1963, 0.1257, 1.2922e+06, 2648.86531
6.20, 0.1918, 0.2091, 0.1538, 0.1566, 0.1421, 1.4207e+06, 2945.11057
8.00, 0.2484, 0.2207, 0.1988, 0.1654, 0.1984, 1.2873e+06, 2655.11350
6.40, 0.1719, 0.1614, 0.0819, 0.0567, 0.0487, 1.0418e+06, 2152.38504
7.60, 0.2270, 0.1574, 0.1350, 0.1306, 0.0952, 1.6949e+06, 3444.09817
7.70, 0.1753, 0.1605, 0.2262, 0.1368, 0.0843, 3.9545e+05, 825.46125
9.50, 0.4295, 0.4315, 0.3896, 0.4380, 0.1527, 5.3304e+05, 1235.39396
8.30, 0.2105, 0.1704, 0.1719, 0.1058, 0.0647, 4.0710e+06, 7995.79822
9.60, 0.4897, 0.6040, 0.4367, 0.2341, 0.2395, 5.0514e+05, 1161.41648
7.80, 0.1957, 0.2230, 0.1756, 0.1732, 0.1453, 9.2600e+05, 1911.13416
9.70, 0.3843, 0.3888, 0.3836, 0.3146, 0.1811, 7.2191e+05, 1613.09500
6.50, 0.2440, 0.2389, 0.2123, 0.2567, 0.1076, 1.9191e+06, 3906.76621
6.80, 0.2780, 0.2761, 0.2357, 0.2436, 0.3390, 3.1946e+06, 6409.62618
6.60, 0.2093, 0.1789, 0.1332, 0.1655, 0.1271, 4.9784e+05, 1043.55784
8.10, 0.1766, 0.1768, 0.1512, 0.1340, 0.0878, 2.8904e+06, 5761.74949
9.90, 0.4088, 0.4979, 0.4557, 0.1996, 0.1472, 1.4367e+06, 3016.59042
9.80, 0.4405, 0.3936, 0.4069, 0.2770, 0.2149, 9.9539e+05, 2121.10525
6.90, 0.2868, 0.2130, 0.1549, 0.0958, 0.1206, 1.8098e+06, 3684.92719
10.00, 0.4158, 0.3968, 0.2864, 0.2302, 0.0557, 1.5877e+06, 3245.96086
10.30, 0.2741, 0.2748, 0.2130, 0.2188, 0.0209, 2.9644e+06, 5940.40293
8.40, 0.1969, 0.1498, 0.1530, 0.1382, 0.0945, 4.8494e+06, 9482.03096
10.10, 0.3679, 0.3241, 0.3380, 0.2479, 0.0624, 1.6560e+06, 3408.87108
8.70, 0.0535, 0.0567, 0.0387, 0.0342, 0.0294, 1.0001e+07, 18503.85408
8.20, 0.1725, 0.2436, 0.1520, 0.0937, 0.0673, 3.7024e+06, 7321.45845
10.70, 0.2866, 0.3068, 0.2116, 0.1899, 0.0239, 4.2712e+06, 8374.36786
7.00, 0.1457, 0.1206, 0.1248, 0.1437, 0.0820, 4.5534e+06, 8959.07710
10.20, 0.4108, 0.3410, 0.2431, 0.1540, 0.0196, 2.5564e+06, 5121.70079
9.10, 0.0857, 0.0792, 0.0708, 0.0604, 0.0554, 1.0001e+07, 18479.99615
8.50, 0.3641, 0.2545, 0.3712, 0.1797, 0.1124, 5.6482e+06, 10989.56288
10.40, 0.2644, 0.3328, 0.2085, 0.1238, 0.0210, 6.1083e+06, 11933.08397
11.10, 0.3467, 0.2838, 0.2479, 0.1108, 0.0257, 5.4084e+06, 10452.63960
8.80, 0.2719, 0.2495, 0.1959, 0.1180, 0.0765, 7.5413e+06, 14401.55894
10.80, 0.3411, 0.2995, 0.3251, 0.1950, 0.0505, 7.6776e+06, 15153.87790
11.50, 0.3902, 0.3309, 0.4315, 0.2404, 0.0325, 7.5853e+06, 14495.56278
10.50, 0.2856, 0.3208, 0.1836, 0.1385, 0.0200, 5.3079e+06, 10408.77888
9.20, 0.1568, 0.1658, 0.0876, 0.0968, 0.0567, 8.2864e+06, 15585.34470
8.60, 0.3042, 0.3251, 0.2407, 0.2590, 0.2857, 5.9184e+06, 11448.32753
11.20, 0.4383, 0.6037, 0.5837, 0.3513, 0.0446, 5.6056e+06, 10836.05996
11.90, 0.3364, 0.3216, 0.2078, 0.0372, 0.0417, 9.3635e+06, 17494.40148
10.90, 0.3426, 0.2998, 0.3394, 0.2133, 0.0252, 5.5175e+06, 10794.40409
8.90, 0.1535, 0.1571, 0.0989, 0.1076, 0.0840, 7.0998e+06, 13523.01778
11.60, 0.4974, 136.2590, 0.8034, 0.2148, 0.0428, 7.5690e+06, 14394.61128
9.30, 0.2656, 0.3722, 0.2669, 0.1130, 0.0253, 7.7300e+06, 14582.90320
11.30, 0.3887, 0.3827, 0.3215, 0.2775, 0.0773, 7.2616e+06, 13947.39108
11.00, 0.2916, 0.3065, 0.4347, 0.4636, 0.1639, 5.2493e+06, 10216.54821
12.30, 0.0185, 0.0145, 0.0125, 0.0106, 0.0528, 1.0001e+07, 18335.44051
12.00, 0.3322, 0.3140, 0.2714, 0.0883, 0.0447, 1.0001e+07, 18644.15873
9.00, 0.1858, 0.2086, 0.1499, 0.1066, 0.0941, 1.0001e+07, 18541.52519
11.70, 0.3203, 0.3161, 0.3253, 0.1388, 0.0372, 7.7536e+06, 14611.17937
12.70, 0.2077, 0.2874, 0.1807, 0.0484, 0.0694, 1.0001e+07, 19197.35526
9.40, 0.1565, 0.1666, 0.1181, 0.1137, 0.1067, 6.8968e+06, 13147.26541
11.40, 0.2986, 0.2798, 0.2467, 0.2363, 0.0305, 7.3627e+06, 13937.74142
13.10, 0.5238, 0.5932, 0.4860, 0.0350, 0.0906, 6.9107e+06, 13045.36926
12.60, 0.4328, 0.3580, 0.3296, 0.0359, 0.0638, 1.3015e+06, 4269.24697
12.80, 0.4982, 0.4429, 0.6675, 0.2340, 0.0926, 2.5792e+06, 8109.72841
10.60, 0.3263, 0.4351, 0.4240, 0.3825, 0.1810, 4.1133e+06, 12372.06022
12.90, 0.4123, 0.6111, 0.5839, 0.4649, 0.5018, 3.4266e+06, 10973.85162
13.00, 0.4179, 0.5003, 0.2618, 0.0252, 0.0837, 2.7994e+06, 8754.62736
11.80, 0.4451, 0.4116, 0.2500, 0.0718, 0.0387, 8.6401e+06, 24520.55886
12.20, 0.1626, 0.1665, 0.0943, 0.0127, 0.0504, 1.0001e+07, 27754.41936
13.60, 0.0000, 0.0000, 0.0000, 0.0000, 0.0000, 0.0000e+00, 0.00353
12.10, 0.1934, 0.1807, 0.1901, 0.0873, 0.0465, 1.0001e+07, 27822.46879
12.40, 0.0063, 0.0040, 0.0041, 0.0111, 0.0572, 1.0001e+07, 27844.20194
12.50, 0.0114, 0.0089, 0.0113, 0.0123, 0.0604, 1.0001e+07, 27918.41913
13.40, 0.5045, 0.5120, 0.4945, 0.1138, 0.1130, 7.4332e+06, 17992.94039
13.20, 0.1479, 0.3128, 0.1028, 0.0176, 0.0977, 1.0001e+07, 23644.94305
13.30, 0.2449, 0.2964, 0.1634, 0.0191, 0.1054, 1.0001e+07, 23230.88119
13.50, 0.1438, 0.2684, 0.0700, 0.0180, 0.1233, 1.0001e+07, 19030.52336
3.95, 0.0000, 0.0000, 0.0000, 0.0000, 0.0000, 1.9081e+01, 0.05960
3.77, 0.0000, 0.0000, 0.0000, 0.0000, 0.0000, 1.6223e+01, 0.07006
3.50, 0.0000, 0.0000, 0.0000, 0.0000, 0.0000, 2.0278e+01, 0.09951
3.78, 0.0000, 0.0000, 0.0000, 0.0000, 0.0000, 1.2662e+01, 0.03291
3.96, 0.0000, 0.0000, 0.0000, 0.0000, 0.0000, 1.9183e+01, 0.06084
3.79, 0.0000, 0.0000, 0.0000, 0.0000, 0.0000, 1.2592e+01, 0.03043
3.86, 0.0000, 0.0000, 0.0000, 0.0000, 0.0000, 4.3565e+01, 0.14186
3.80, 0.0000, 0.0000, 0.0000, 0.0000, 0.0000, 1.2567e+01, 0.03788
3.81, 0.0000, 0.0000, 0.0000, 0.0000, 0.0000, 1.2586e+01, 0.04657
3.59, 0.0000, 0.0000, 0.0000, 0.0000, 0.0000, 7.6879e+01, 0.23476
3.51, 0.0000, 0.0000, 0.0000, 0.0000, 0.0000, 2.0249e+01, 0.13650
3.68, 0.0000, 0.0000, 0.0000, 0.0000, 0.0000, 6.1818e+01, 0.25929
3.87, 0.0000, 0.0000, 0.0000, 0.0000, 0.0000, 3.6363e+01, 0.15047
3.88, 0.0000, 0.0000, 0.0000, 0.0000, 0.0000, 1.9060e+01, 0.06048
3.82, 0.0000, 0.0000, 0.0000, 0.0000, 0.0000, 4.0122e+01, 0.13549
3.52, 0.0000, 0.0000, 0.0000, 0.0000, 0.0000, 2.5658e+01, 0.11916
3.53, 0.0000, 0.0000, 0.0000, 0.0000, 0.0000, 2.1392e+01, 0.06506
3.69, 0.0000, 0.0000, 0.0000, 0.0000, 0.0000, 4.2620e+01, 0.16279
3.54, 0.0000, 0.0000, 0.0000, 0.0000, 0.0000, 2.1243e+01, 0.07870
3.70, 0.0000, 0.0000, 0.0000, 0.0000, 0.0000, 2.9649e+01, 0.13146
3.71, 0.0000, 0.0000, 0.0000, 0.0000, 0.0000, 4.1571e+01, 0.11241
3.89, 0.0000, 0.0000, 0.0000, 0.0000, 0.0000, 8.0662e+01, 0.31977
3.72, 0.0000, 0.0000, 0.0000, 0.0000, 0.0000, 1.8158e+01, 0.07178
3.83, 0.0000, 0.0000, 0.0000, 0.0000, 0.0000, 1.0145e+02, 0.38961
4.04, 0.0000, 0.0000, 0.0000, 0.0000, 0.0000, 2.2236e+02, 0.75356
3.84, 0.0000, 0.0000, 0.0000, 0.0000, 0.0000, 1.6072e+01, 0.03766
3.60, 0.0000, 0.0000, 0.0000, 0.0000, 0.0000, 1.7110e+02, 0.60666
3.73, 0.0000, 0.0000, 0.0000, 0.0000, 0.0000, 4.0489e+01, 0.11566
3.90, 0.0000, 0.0000, 0.0000, 0.0000, 0.0000, 6.4446e+01, 0.19571
3.55, 0.0000, 0.0000, 0.0000, 0.0000, 0.0000, 1.1955e+02, 0.37960
3.85, 0.0000, 0.0000, 0.0000, 0.0000, 0.0000, 4.4937e+01, 0.21208
3.74, 0.0000, 0.0000, 0.0000, 0.0000, 0.0000, 4.6121e+01, 0.14191
3.91, 0.0000, 0.0000, 0.0000, 0.0000, 0.0000, 8.6824e+01, 0.23718
3.75, 0.0000, 0.0000, 0.0000, 0.0000, 0.0000, 5.3843e+01, 0.12431
3.92, 0.0000, 0.0000, 0.0000, 0.0000, 0.0000, 3.5044e+01, 0.09120
3.76, 0.0000, 0.0000, 0.0000, 0.0000, 0.0000, 5.2753e+01, 0.12409
3.56, 0.0000, 0.0000, 0.0000, 0.0000, 0.0000, 1.3441e+02, 0.38133
3.61, 0.0000, 0.0000, 0.0000, 0.0000, 0.0000, 1.3158e+02, 0.52659
3.57, 0.0000, 0.0000, 0.0000, 0.0000, 0.0000, 4.5316e+01, 0.13501
3.93, 0.0000, 0.0000, 0.0000, 0.0000, 0.0000, 9.4943e+01, 0.24779
3.94, 0.0000, 0.0000, 0.0000, 0.0000, 0.0000, 1.9069e+01, 0.04791
3.58, 0.0000, 0.0000, 0.0000, 0.0000, 0.0000, 7.0438e+01, 0.22932
3.62, 0.0000, 0.0000, 0.0000, 0.0000, 0.0000, 6.3851e+01, 0.29727
3.63, 0.0000, 0.0000, 0.0000, 0.0000, 0.0000, 2.5018e+01, 0.08098
3.97, 0.0000, 0.0000, 0.0000, 0.0000, 0.0000, 4.0178e+02, 1.66720
3.64, 0.0000, 0.0000, 0.0000, 0.0000, 0.0000, 2.1095e+01, 0.05468
3.98, 0.0000, 0.0000, 0.0000, 0.0000, 0.0000, 9.5780e+01, 0.32519
3.65, 0.0000, 0.0000, 0.0000, 0.0000, 0.0000, 1.7178e+02, 0.49692
3.66, 0.0000, 0.0000, 0.0000, 0.0000, 0.0000, 3.5300e+01, 0.09595
3.67, 0.0000, 0.0000, 0.0000, 0.0000, 0.0000, 3.9813e+01, 0.10488
3.99, 0.0000, 0.0000, 0.0000, 0.0000, 0.0000, 2.1524e+02, 0.62906
4.00, 0.0000, 0.0000, 0.0000, 0.0000, 0.0000, 2.0318e+02, 0.60578
4.01, 0.0000, 0.0000, 0.0000, 0.0000, 0.0000, 2.5683e+01, 0.06829
4.02, 0.0000, 0.0000, 0.0000, 0.0000, 0.0000, 6.4890e+01, 0.21444
4.05, 0.0364, 0.0382, 0.0238, 0.0431, 0.0442, 1.6676e+03, 4.88413
4.03, 0.0000, 0.0000, 0.0000, 0.0000, 0.0000, 8.1179e+02, 2.29371
4.67, 0.0000, 0.0000, 0.0000, 0.0000, 0.0000, 9.7642e+02, 2.70685
4.13, 0.0423, 0.0517, 0.0410, 0.0360, 0.0537, 3.4505e+03, 9.69573
4.06, 0.0581, 0.0804, 0.0477, 0.0658, 0.0241, 2.3214e+03, 6.14734
4.68, 0.0229, 0.0839, 0.0544, 0.0607, 0.0121, 2.1302e+03, 5.60251
4.58, 0.0167, 0.0197, 0.0250, 0.0230, 0.0317, 4.9171e+03, 13.22170
4.69, 0.0000, 0.0000, 0.0000, 0.0000, 0.0000, 6.4229e+02, 1.98046
4.07, 0.0232, 0.0311, 0.0561, 0.0557, 0.0320, 1.7267e+03, 4.88361
4.40, 0.0466, 0.0407, 0.0219, 0.0305, 0.0312, 6.3711e+03, 17.27790
4.49, 0.0362, 0.0365, 0.0205, 0.0582, 0.0348, 6.2607e+03, 17.53655
4.70, 0.0527, 0.0501, 0.0638, 0.0629, 0.0254, 1.1317e+03, 2.97177
4.71, 0.0000, 0.0000, 0.0000, 0.0000, 0.0000, 3.2130e+02, 0.81883
4.72, 0.0000, 0.0000, 0.0000, 0.0000, 0.0000, 6.3732e+02, 1.65465
4.08, 0.0348, 0.1432, 0.1845, 0.0572, 0.0265, 2.0053e+03, 5.28413
4.73, 0.0000, 0.0000, 0.0000, 0.0000, 0.0000, 6.4904e+02, 1.71452
4.22, 0.0491, 0.0634, 0.0456, 0.0468, 0.0422, 8.1730e+03, 22.39916
4.74, 0.0000, 0.0000, 0.0000, 0.0000, 0.0000, 5.7973e+02, 1.51299
4.59, 0.0515, 0.0386, 0.0563, 0.0517, 0.0380, 3.7897e+03, 9.99834
4.75, 0.0000, 0.0000, 0.0000, 0.0000, 0.0000, 4.8605e+02, 1.24670
4.76, 0.0000, 0.0000, 0.0000, 0.0000, 0.0000, 9.9863e+02, 2.72766
4.09, 0.0385, 0.0510, 0.0624, 0.0329, 0.0559, 3.5649e+03, 9.53393
4.31, 0.1787, 0.1459, 0.1695, 0.0487, 0.0967, 1.1205e+04, 30.45480
4.60, 0.1281, 0.0979, 0.0530, 0.0261, 0.0305, 2.4709e+03, 6.85801
4.14, 0.0455, 0.0539, 0.0685, 0.0561, 0.0600, 9.5404e+03, 24.98264
4.61, 0.0000, 0.0000, 0.0000, 0.0000, 0.0000, 8.3906e+02, 2.20617
4.77, 0.0831, 0.0576, 0.1157, 0.1166, 0.0277, 2.3064e+03, 6.14668
4.41, 0.0513, 0.0368, 0.0423, 0.0440, 0.0313, 7.8802e+03, 20.99487
4.32, 0.0222, 0.0291, 0.0245, 0.0242, 0.0219, 3.5490e+03, 9.31542
4.23, 0.0388, 0.0299, 0.0566, 0.0363, 0.0540, 7.2799e+03, 19.57009
4.78, 0.0481, 0.0455, 0.1401, 0.0739, 0.0534, 3.4901e+03, 9.24950
4.79, 0.0000, 0.0000, 0.0000, 0.0000, 0.0000, 7.9066e+02, 2.03060
4.80, 0.0809, 0.0201, 0.0411, 0.0984, 0.1662, 1.0793e+03, 2.79160
4.42, 0.0131, 0.0265, 0.0434, 0.0483, 0.0326, 3.8759e+03, 10.38947
4.81, 0.0000, 0.0000, 0.0000, 0.0000, 0.0000, 5.1883e+02, 1.32722
4.10, 0.0567, 0.0453, 0.0524, 0.0597, 0.0556, 7.2597e+03, 19.04154
4.82, 0.0000, 0.0000, 0.0000, 0.0000, 0.0000, 8.1418e+02, 2.08902
4.33, 0.0357, 0.0278, 0.0235, 0.0347, 0.0245, 4.7826e+03, 12.28093
4.83, 0.0000, 0.0000, 0.0000, 0.0000, 0.0000, 7.5806e+02, 2.11664
4.62, 0.2697, 0.2264, 0.3415, 0.2231, 0.2069, 6.6120e+03, 21.10371
4.11, 0.0351, 0.0622, 0.0365, 0.0311, 0.0513, 2.8535e+03, 7.61229
4.34, 0.0477, 0.0235, 0.0720, 0.0245, 0.0245, 2.4827e+03, 6.53008
4.84, 0.0236, 0.0499, 0.0062, 0.0303, 0.0209, 1.9838e+03, 5.21240
4.63, 0.0239, 0.0193, 0.0230, 0.0352, 0.0217, 1.5437e+03, 3.95281
4.43, 0.0301, 0.0310, 0.0321, 0.0184, 0.0210, 4.4209e+03, 11.57221
4.85, 0.0000, 0.0000, 0.0000, 0.0000, 0.0000, 7.9752e+02, 2.06628
4.86, 0.0000, 0.0000, 0.0000, 0.0000, 0.0000, 4.1126e+02, 1.04003
4.15, 0.0597, 0.0592, 0.0477, 0.0294, 0.0492, 1.1460e+04, 29.71292
4.50, 0.0275, 0.0621, 0.0509, 0.0576, 0.0467, 1.8717e+04, 47.96340
4.12, 0.0607, 0.0474, 0.0266, 0.0388, 0.0355, 3.6595e+03, 9.47181
4.87, 0.0162, 0.0499, 0.0818, 0.0311, 0.0660, 1.9736e+03, 5.39474
4.88, 0.0000, 0.0000, 0.0000, 0.0000, 0.0000, 1.9325e+02, 0.52458
4.64, 0.0529, 0.0486, 0.0294, 0.0399, 0.0308, 3.6963e+03, 9.70547
4.51, 0.0436, 0.0340, 0.0281, 0.0321, 0.0060, 2.8091e+03, 7.46242
4.44, 0.0311, 0.0412, 0.0392, 0.0427, 0.0376, 5.5426e+03, 14.53132
4.94, 0.0545, 0.0513, 0.0416, 0.0602, 0.0334, 4.6831e+03, 12.29286
4.89, 0.0541, 0.0548, 0.0625, 0.0594, 0.0535, 4.6994e+03, 12.19093
4.65, 0.0251, 0.0212, 0.0238, 0.0620, 0.0362, 4.5418e+03, 11.83941
4.35, 0.0550, 0.0370, 0.0391, 0.0305, 0.0384, 9.3513e+03, 24.51721
4.24, 0.0413, 0.0329, 0.0480, 0.0753, 0.0714, 1.6223e+04, 42.26202
4.66, 0.0313, 0.0699, 0.0374, 0.0295, 0.0117, 1.6551e+03, 4.65814
4.90, 0.0415, 0.0301, 0.0348, 0.0226, 0.0193, 1.9899e+03, 5.38850
4.52, 0.0273, 0.0324, 0.0294, 0.0542, 0.0292, 5.6226e+03, 14.97988
4.36, 0.0167, 0.0304, 0.0261, 0.0191, 0.0132, 2.4625e+03, 6.27288
4.45, 0.0724, 0.0483, 0.0378, 0.0528, 0.0163, 6.3283e+03, 16.48458
4.91, 0.0625, 0.0421, 0.0480, 0.0322, 0.0504, 3.8606e+03, 10.17107
4.16, 0.0391, 0.0496, 0.0386, 0.0374, 0.0511, 1.3507e+04, 35.42528
4.53, 0.0559, 0.0486, 0.0257, 0.0492, 0.0098, 4.2555e+03, 11.25235
4.37, 0.0439, 0.0719, 0.0202, 0.0421, 0.0584, 4.5286e+03, 11.89112
4.46, 0.0536, 0.0444, 0.0397, 0.0465, 0.0227, 3.8890e+03, 10.58404
4.25, 0.0345, 0.0625, 0.0247, 0.0612, 0.0473, 8.5218e+03, 22.25053
4.38, 0.0253, 0.0156, 0.0343, 0.0482, 0.0124, 3.6436e+03, 9.69431
4.92, 0.0533, 0.0534, 0.0579, 0.0502, 0.0528, 7.5661e+03, 19.62182
4.47, 0.0422, 0.0190, 0.0478, 0.0307, 0.0171, 5.4210e+03, 14.45567
4.17, 0.0407, 0.0397, 0.0439, 0.0336, 0.0303, 7.2227e+03, 19.15353
4.39, 0.0181, 0.0414, 0.0181, 0.0774, 0.0084, 3.7766e+03, 9.94295
4.48, 0.0477, 0.0497, 0.0353, 0.0349, 0.0266, 4.3106e+03, 11.24782
4.26, 0.0385, 0.0394, 0.0315, 0.0272, 0.0266, 8.4634e+03, 22.48916
4.95, 0.0505, 0.0491, 0.0548, 0.0414, 0.0311, 1.9816e+04, 51.75169
4.93, 0.0491, 0.0339, 0.0703, 0.0451, 0.0293, 6.5757e+03, 17.01008
4.18, 0.1185, 0.0569, 0.1140, 0.1817, 0.0361, 7.0106e+03, 18.74541
5.30, 0.0416, 0.0185, 0.0152, 0.0518, 0.0241, 2.6840e+03, 7.03238
4.54, 0.0748, 0.0482, 0.0222, 0.0324, 0.0229, 1.6353e+04, 42.50880
4.27, 0.1577, 0.0474, 0.1203, 0.0624, 0.0418, 6.0082e+03, 15.57011
5.21, 0.0438, 0.0517, 0.0223, 0.0223, 0.0097, 7.6158e+03, 19.88902
5.03, 0.0439, 0.0406, 0.0494, 0.0417, 0.0588, 2.5555e+04, 66.40044
5.31, 0.1008, 0.0700, 0.1169, 0.1061, 0.0353, 5.4420e+03, 13.82313
4.96, 0.1278, 0.0733, 0.2525, 0.0797, 0.1243, 9.0244e+03, 23.06500
4.28, 0.0523, 0.0738, 0.1280, 0.0235, 0.0420, 5.0160e+03, 12.34724
5.32, 0.0350, 0.0597, 0.0483, 0.0519, 0.0284, 1.7499e+03, 4.16886
4.19, 0.0460, 0.0413, 0.0532, 0.0364, 0.0308, 8.9057e+03, 22.17054
5.33, 0.0856, 0.0430, 0.0665, 0.1292, 0.1154, 3.5371e+03, 8.63659
5.34, 0.0000, 0.0000, 0.0000, 0.0000, 0.0000, 7.6787e+02, 1.79742
5.35, 0.0000, 0.0000, 0.0000, 0.0000, 0.0000, 8.2962e+02, 1.91359
4.29, 0.0280, 0.0310, 0.0401, 0.0388, 0.0295, 5.7917e+03, 13.75350
4.55, 0.0270, 0.0323, 0.0404, 0.0452, 0.0276, 1.2586e+04, 30.33997
4.30, 0.0365, 0.0531, 0.0276, 0.0589, 0.0219, 3.0760e+03, 7.39691
5.36, 0.0492, 0.0370, 0.0607, 0.0442, 0.0441, 3.8623e+03, 9.30280
5.39, 0.0000, 0.0000, 0.0000, 0.0000, 0.0000, 5.6037e+02, 1.31427
5.12, 0.0699, 0.0714, 0.0568, 0.1018, 0.0409, 2.5266e+04, 61.89587
5.40, 0.0367, 0.0700, 0.0245, 0.0524, 0.0532, 1.6835e+03, 3.97345
5.37, 0.0391, 0.0519, 0.1071, 0.0434, 0.0431, 2.0325e+03, 4.77091
4.56, 0.0224, 0.0160, 0.0219, 0.0136, 0.0245, 4.6919e+03, 11.11555
5.22, 0.2511, 0.2992, 0.2832, 0.1721, 0.3947, 1.6085e+04, 38.76183
5.41, 0.0567, 0.1571, 0.1256, 0.0531, 0.0475, 3.0539e+03, 7.39668
4.20, 0.0482, 0.1179, 0.1153, 0.0453, 0.0334, 1.4111e+04, 33.31930
5.04, 0.0317, 0.0369, 0.0391, 0.0199, 0.0163, 1.8529e+04, 43.18358
5.42, 0.0246, 0.0439, 0.0270, 0.0599, 0.0532, 1.9165e+03, 4.50228
4.97, 0.0363, 0.0439, 0.0442, 0.0369, 0.0339, 1.8995e+04, 44.26511
4.57, 0.0508, 0.1162, 0.0610, 0.0577, 0.0421, 6.0071e+03, 14.34043
5.38, 0.1292, 0.1025, 0.2326, 0.0497, 0.0339, 6.5805e+03, 16.24730
5.57, 0.0000, 0.0000, 0.0000, 0.0000, 0.0000, 7.3442e+02, 1.72916
5.58, 0.0000, 0.0000, 0.0000, 0.0000, 0.0000, 1.4433e+02, 0.33684
5.59, 0.0000, 0.0000, 0.0000, 0.0000, 0.0000, 6.8492e+02, 1.63365
5.60, 0.0000, 0.0000, 0.0000, 0.0000, 0.0000, 7.0915e+02, 1.65212
5.48, 0.1028, 0.0893, 0.0871, 0.0852, 0.0772, 3.0915e+03, 7.64546
4.21, 0.0534, 0.0320, 0.0284, 0.0382, 0.0334, 8.3772e+03, 19.76296
5.43, 0.2645, 0.2039, 0.1797, 0.1820, 0.0635, 7.4025e+03, 20.09137
5.44, 0.1154, 0.1330, 0.0570, 0.1267, 0.0481, 2.2004e+03, 5.41613
5.49, 0.2283, 0.1890, 0.2016, 0.1574, 0.1228, 5.9610e+03, 15.43808
5.45, 0.1138, 0.1367, 0.2206, 0.1277, 0.0466, 2.1557e+03, 5.33310
5.46, 0.0807, 0.0709, 0.1186, 0.0355, 0.1498, 1.0071e+03, 2.43618
4.98, 0.0351, 0.0368, 0.0335, 0.0253, 0.0207, 1.4257e+04, 33.36786
5.61, 0.1366, 0.0986, 0.1351, 0.1308, 0.1493, 1.1231e+04, 26.93648
5.50, 0.0672, 0.1937, 0.1405, 0.0959, 0.0999, 4.9123e+03, 11.93422
5.13, 0.0279, 0.0304, 0.0333, 0.0202, 0.0187, 2.1778e+04, 50.67937
5.51, 0.0544, 0.1104, 0.0962, 0.1430, 0.1020, 3.8026e+03, 9.28121
5.05, 0.0640, 0.0462, 0.0241, 0.0212, 0.0148, 2.0367e+04, 48.13664
5.62, 0.1132, 0.1472, 0.1671, 0.1023, 0.0602, 4.3343e+03, 10.70690
5.52, 0.1175, 0.0769, 0.0670, 0.0950, 0.0639, 1.7886e+03, 4.48664
5.47, 0.0702, 0.0679, 0.0616, 0.0624, 0.0537, 8.2196e+03, 19.46403
5.53, 0.0285, 0.1193, 0.1473, 0.0922, 0.0606, 2.4163e+03, 5.86217
5.54, 0.0000, 0.0000, 0.0000, 0.0000, 0.0000, 9.1918e+02, 2.35255
4.99, 0.0661, 0.0482, 0.0606, 0.0339, 0.0476, 1.1745e+04, 27.61091
5.14, 0.0808, 0.1159, 0.0869, 0.0374, 0.0264, 1.0774e+04, 25.39236
5.55, 0.1335, 0.1652, 0.0943, 0.2178, 0.1184, 2.0998e+03, 5.17896
5.56, 0.1074, 0.1525, 0.0414, 0.0972, 0.0740, 3.0869e+03, 7.68628
5.00, 0.1522, 0.3082, 0.2481, 150144.1041, 0.0919, 1.0000e+04, 24.05160
5.15, 0.0492, 0.0358, 0.0741, 0.0868, 0.0413, 1.3354e+04, 31.17546
5.01, 0.0423, 0.0603, 0.0404, 0.0387, 0.0198, 1.7811e+04, 41.02490
5.16, 0.0808, 0.1614, 0.1435, 0.1182, 0.0297, 1.7044e+04, 39.01270
5.02, 0.0653, 0.0568, 0.0492, 0.0168, 0.0162, 6.2730e+03, 13.18401
5.06, 0.0439, 0.0768, 0.0691, 0.0382, 0.0297, 5.0848e+04, 114.82108
5.23, 0.0369, 0.0666, 0.0435, 0.0339, 0.0267, 7.6608e+04, 173.58581
5.17, 0.0374, 0.0470, 0.0419, 0.0393, 0.0235, 2.1567e+04, 45.15456
5.24, 0.1173, 0.2318, 0.0943, 0.1162, 0.1574, 1.0559e+04, 23.11380
5.07, 0.0426, 0.0426, 0.0370, 0.0345, 0.0179, 1.2923e+04, 27.83295
5.08, 0.1024, 0.1282, 0.1108, 0.0270, 0.0111, 1.0068e+04, 21.42913
5.63, 0.1580, 0.1554, 0.1612, 0.1292, 0.1108, 7.0878e+04, 164.86889
5.18, 0.0326, 0.0545, 0.0620, 0.0169, 0.0127, 1.5965e+04, 33.96181
5.25, 0.0775, 0.0720, 0.0448, 0.0354, 0.0249, 1.7224e+04, 36.38815
5.26, 0.0594, 0.0616, 0.0415, 0.0335, 0.0242, 2.4029e+03, 5.05047
5.84, 0.1650, 0.1520, 0.1339, 0.1261, 0.1131, 8.2871e+04, 182.20640
5.27, 0.2120, 0.0804, 0.1025, 0.0620, 0.0878, 1.3343e+04, 29.12095
5.64, 0.1341, 0.1294, 0.1792, 0.1342, 0.1073, 2.2554e+04, 48.96803
5.28, 0.0750, 0.0477, 0.0656, 0.1662, 0.1276, 4.9361e+03, 10.58024
5.09, 0.1415, 0.0506, 0.1321, 0.0892, 0.0795, 2.9098e+04, 61.25246
5.29, 0.0416, 0.0506, 0.0510, 0.0509, 0.0588, 7.5350e+03, 16.24219
5.75, 0.1522, 0.1277, 0.1194, 0.1430, 0.1212, 1.1655e+05, 255.73209
5.10, 0.0347, 0.0439, 0.0370, 0.0354, 0.0186, 3.8810e+04, 82.82246
5.19, 0.0964, 0.1237, 0.0892, 0.0313, 0.1092, 6.7091e+04, 142.79384
5.66, 0.1427, 0.1654, 0.1956, 0.1537, 0.1891, 1.8753e+05, 416.22683
5.11, 0.0255, 0.0453, 0.0264, 0.0205, 0.0129, 4.0527e+04, 85.86507
5.20, 0.1008, 0.1276, 0.0549, 0.0655, 0.0255, 4.4012e+04, 91.90545
5.85, 0.1176, 0.1217, 0.1132, 0.0998, 0.0749, 9.9420e+04, 203.90943
5.65, 0.1684, 0.1541, 0.1412, 0.2876, 0.1281, 9.8619e+04, 213.46811
5.93, 0.0969, 0.1235, 0.1919, 0.1000, 0.0755, 1.9051e+05, 395.66372
5.76, 0.1646, 0.1342, 0.1231, 0.1247, 0.1122, 1.3034e+05, 229.22656
5.67, 0.1630, 0.1362, 0.1595, 0.1424, 0.1227, 7.7779e+04, 114.97446
5.86, 0.1024, 0.1105, 0.1421, 0.1078, 0.2138, 7.3695e+04, 104.44713
5.68, 0.3599, 0.4824, 304940.4784, 0.1740, 0.1665, 4.4000e+04, 58.73558
5.69, 0.1555, 0.3791, 0.1714, 0.1386, 0.1089, 6.2201e+04, 103.08119
5.94, 0.1395, 0.1340, 0.0887, 0.0992, 0.1051, 1.2221e+05, 175.79867
5.87, 0.1247, 0.0940, 0.1105, 0.1633, 0.1056, 1.1412e+05, 170.93155
5.77, 0.1623, 0.1687, 0.1358, 0.1360, 0.1432, 1.6530e+05, 261.63513
5.70, 0.1508, 0.1505, 0.2233, 0.3145, 0.1279, 7.8524e+04, 110.23106
5.95, 0.1529, 0.1170, 0.1280, 0.0979, 0.1133, 1.4628e+05, 198.11029
5.78, 0.1292, 0.1173, 0.1730, 0.1398, 0.1181, 1.3320e+05, 178.10585
5.88, 0.1145, 0.1124, 0.1504, 0.1326, 0.1164, 1.9681e+05, 266.77417
5.96, 0.1138, 0.1033, 0.0951, 0.0895, 0.0646, 1.3221e+05, 191.13605
5.71, 0.2878, 0.2525, 0.2455, 0.1570, 0.1742, 1.3687e+05, 291.28454
5.79, 0.1560, 0.1703, 0.1314, 0.1220, 0.1027, 1.1929e+05, 159.35832
5.72, 0.1160, 0.1134, 0.2478, 0.2179, 0.1361, 4.0241e+04, 66.12852
5.89, 0.1454, 0.1316, 0.0862, 0.0983, 0.0829, 1.4228e+05, 199.67572
5.80, 0.1184, 0.1283, 0.1502, 0.1209, 0.1136, 6.3806e+04, 90.57517
5.73, 0.1581, 0.1378, 0.1611, 0.1316, 0.1216, 8.3114e+04, 133.83389
6.02, 0.4044, 7781.2514, 0.4234, 0.1670, 0.1083, 5.6300e+05, 1037.34456
5.81, 0.1401, 0.1024, 0.1311, 0.1117, 0.1280, 1.2659e+05, 168.78264
5.90, 0.3230, 0.3702, 0.2713, 0.2124, 0.2061, 1.3208e+05, 205.94117
5.97, 0.1420, 0.2436, 0.1924, 0.2172, 0.1237, 2.1804e+05, 315.61207
5.74, 0.1192, 0.1231, 0.1296, 0.1160, 0.0825, 1.0894e+05, 151.84131
5.91, 0.1606, 0.1445, 0.1464, 0.1417, 0.1271, 1.4546e+05, 208.93108
5.82, 0.1948, 0.2861, 0.3518, 0.2439, 0.3055, 2.3117e+05, 303.85789
5.92, 0.0884, 0.1845, 0.1759, 0.1653, 0.1468, 7.5462e+04, 98.31974
5.83, 0.1291, 0.1093, 0.1140, 0.0866, 0.0857, 8.4548e+04, 109.94075
5.98, 0.1345, 0.1295, 0.0911, 0.1839, 0.1556, 3.3821e+05, 435.29557
6.03, 0.2608, 0.3170, 0.2613, 0.2604, 0.1526, 6.3400e+05, 849.58619
5.99, 0.1141, 0.1103, 0.0768, 0.0849, 0.0572, 3.1057e+05, 393.59359
6.00, 0.1362, 0.1518, 0.1270, 0.1097, 0.0930, 2.2062e+05, 280.07982
6.04, 0.0872, 0.1390, 0.1153, 0.0815, 0.0824, 3.4274e+05, 434.80637
6.01, 0.1372, 0.1341, 0.1306, 0.1913, 0.1326, 4.5589e+05, 582.22684
6.05, 0.1240, 0.1283, 0.1116, 0.1164, 0.1112, 5.3289e+05, 681.31711
6.06, 0.1467, 0.0921, 0.2409, 0.2457, 0.0698, 7.8307e+05, 1001.75521
6.07, 0.1962, 0.1962, 0.2062, 0.1265, 0.1726, 8.9712e+05, 1144.87428
6.08, 0.1426, 0.1255, 0.0873, 0.0896, 0.0835, 6.9466e+05, 881.52230
6.09, 0.0905, 0.1981, 0.1548, 0.0889, 0.0865, 6.3551e+05, 805.51581
