3.50, 0.2875, 0.2516, 8.8797e+04, 104.26440
3.60, 0.2883, 0.2989, 1.4375e+05, 161.93091
3.70, 0.5552, 0.6710, 1.7200e+05, 190.26212
3.80, 0.2923, 0.3118, 2.0884e+05, 222.14498
3.51, 0.5109, 0.4976, 1.2047e+05, 140.80321
3.90, 0.2916, 0.3042, 2.4294e+05, 250.26614
4.00, 0.2987, 0.3071, 2.7776e+05, 278.48326
3.61, 0.2902, 0.2544, 1.0555e+05, 120.99006
4.10, 0.3329, 0.3168, 3.1635e+05, 306.97464
4.20, 0.2847, 0.2683, 3.2943e+05, 313.43985
3.71, 0.2803, 0.2680, 1.4226e+05, 156.83674
3.52, 0.2735, 0.2699, 9.2859e+04, 108.84171
3.62, 0.2764, 0.2766, 1.1796e+05, 133.35178
3.81, 0.2914, 0.3100, 2.0577e+05, 218.51796
3.91, 0.2766, 0.2515, 1.9498e+05, 202.28687
4.11, 0.2871, 0.2587, 2.7138e+05, 264.00791
3.63, 0.2932, 0.3039, 1.5662e+05, 173.93726
3.82, 0.2983, 0.2757, 1.6114e+05, 171.52822
3.54, 0.2930, 0.3152, 1.2575e+05, 144.12840
3.92, 0.3121, 0.2669, 1.9939e+05, 206.07973
3.73, 0.3392, 0.2642, 1.4511e+05, 158.69762
4.21, 0.6032, 0.5565, 4.0000e+05, 376.47679
3.64, 0.2948, 0.3083, 1.4954e+05, 166.46673
4.02, 0.5977, 0.6380, 2.3956e+05, 240.77612
4.22, 0.3848, 0.4379, 7.5175e+04, 87.29465
3.55, 0.2932, 0.3065, 1.2849e+05, 147.65945
3.83, 0.3083, 0.2997, 2.0377e+05, 215.10166
4.12, 0.2947, 0.2590, 2.8097e+05, 273.04511
3.93, 0.3574, 0.2570, 2.1624e+05, 221.47486
4.23, 0.5085, 0.8404, 1.0100e+05, 119.91498
3.56, 0.2910, 0.2695, 1.0555e+05, 121.48917
3.65, 0.2970, 0.3075, 1.5473e+05, 171.58945
4.03, 0.2913, 0.2584, 2.4192e+05, 241.42157
3.84, 0.4475, 59162.6447, 1.7800e+05, 188.57656
3.75, 0.3904, 0.3105, 1.8809e+05, 202.79387
4.24, 0.3828, 0.3339, 1.2452e+05, 139.52002
3.57, 0.2960, 0.3130, 1.3560e+05, 153.40312
3.66, 0.8665, 0.5103, 1.5600e+05, 172.78519
4.13, 0.2984, 0.2666, 2.8545e+05, 276.26077
3.94, 0.3057, 0.3379, 2.5802e+05, 261.41300
3.58, 0.5888, 0.6231, 1.3400e+05, 152.20374
3.76, 0.2988, 0.3087, 1.9056e+05, 205.07368
3.85, 0.2986, 0.3151, 2.1645e+05, 226.40030
3.67, 0.3043, 0.2821, 1.5054e+05, 166.92882
4.04, 0.2872, 0.3060, 3.0780e+05, 302.60644
3.95, 0.2854, 0.2571, 2.1348e+05, 218.22521
3.59, 0.2911, 0.3134, 1.3731e+05, 154.90105
4.25, 0.2967, 0.2603, 3.5871e+05, 333.04854
4.14, 0.3968, 0.2743, 3.1855e+05, 305.42899
3.77, 0.3041, 124.4401, 1.9100e+05, 204.43478
3.68, 0.4944, 0.4038, 1.6804e+05, 183.14230
3.86, 0.2973, 0.3157, 2.2706e+05, 235.22933
4.30, 0.3698, 0.2925, 1.2583e+05, 140.99686
4.26, 0.5388, 114006.4950, 1.2100e+05, 138.66593
3.96, 0.2891, 0.2685, 2.1956e+05, 223.38632
3.69, 0.2974, 0.2516, 1.2625e+05, 141.05804
4.05, 0.4821, 0.4760, 2.9614e+05, 291.60980
3.78, 0.2893, 0.2626, 1.5513e+05, 167.33167
4.27, 0.5680, 0.5012, 1.0600e+05, 119.57068
4.31, 0.3570, 0.5136, 1.4226e+05, 159.66101
3.87, 0.3004, 0.2928, 2.2384e+05, 231.83867
4.28, 0.5463, 0.5148, 1.0847e+05, 121.32590
4.15, 0.3040, 0.3101, 3.5947e+05, 342.00522
3.79, 0.3290, 0.2912, 1.8091e+05, 193.91185
3.97, 0.2860, 0.2724, 2.2892e+05, 231.69009
4.32, 0.6502, 0.8689, 1.4560e+05, 161.09249
4.06, 0.2855, 0.2661, 2.6147e+05, 258.74785
3.88, 0.2918, 0.2685, 1.9497e+05, 203.76931
4.40, 0.5491, 0.6492, 4.8300e+05, 425.75287
4.16, 0.2933, 0.2470, 2.9589e+05, 283.90391
4.29, 411497.7923, 1009938.0249, 3.7700e+05, 345.27177
3.98, 0.2946, 0.3232, 2.8204e+05, 281.52461
3.89, 0.2943, 0.2492, 1.9508e+05, 203.39641
4.07, 0.3221, 0.2496, 2.6715e+05, 261.98426
4.33, 0.5309, 13668.6842, 4.0000e+05, 362.86728
4.41, 0.5005, 0.4476, 1.7189e+05, 182.81506
4.60, 0.5825, 10312.5632, 2.2100e+05, 224.69616
4.34, 0.3672, 0.3333, 1.3267e+05, 145.53332
4.70, 0.3609, 0.4933, 2.5105e+05, 251.53855
3.99, 0.3092, 131196.1841, 2.8700e+05, 288.35609
4.08, 0.4717, 0.2790, 2.7703e+05, 271.71427
4.17, 0.2913, 0.2981, 3.8680e+05, 363.38989
4.42, 0.5293, 81401.3961, 2.4600e+05, 249.79831
4.61, 0.6306, 0.4956, 2.0700e+05, 203.66819
4.35, 0.3863, 0.3893, 2.0953e+05, 223.16268
4.43, 0.3785, 0.3339, 1.7366e+05, 182.33526
4.09, 0.3068, 0.2583, 2.6655e+05, 261.16335
4.80, 0.4980, 0.6711, 3.1499e+05, 305.63799
4.36, 0.5788, 0.5917, 1.4200e+05, 156.84123
4.18, 0.2987, 0.2874, 3.3568e+05, 318.54554
4.44, 0.3708, 0.3496, 2.3260e+05, 235.45144
4.71, 0.6833, 0.5401, 7.0100e+05, 566.36467
4.62, 0.5570, 0.5545, 5.5800e+05, 463.82803
4.81, 0.5594, 0.4621, 3.0975e+05, 299.53933
4.45, 0.5009, 0.4794, 1.5200e+05, 160.62200
4.19, 0.5384, 0.6288, 3.8000e+05, 361.11869
4.37, 0.3213, 0.2650, 4.4066e+05, 395.96950
4.72, 0.3704, 0.7282, 2.6400e+05, 260.56967
4.82, 0.3730, 0.3775, 2.9652e+05, 281.53505
4.38, 0.5092, 741.5831, 4.2200e+05, 376.17382
5.00, 0.5710, 0.7851, 5.1400e+05, 456.17210
4.63, 0.2916, 0.2660, 6.9013e+05, 565.91705
4.46, 0.5557, 0.3119, 6.1163e+05, 525.08873
4.47, 0.5884, 6.4380, 1.7500e+05, 180.83605
4.39, 11750980.0453, 13133523.5284, 2.6100e+05, 270.47640
4.73, 0.6700, 0.5675, 7.1066e+05, 567.71397
4.64, 0.5057, 68997.1157, 2.2300e+05, 226.02632
4.83, 126.1867, 0.6084, 9.2500e+05, 705.67386
5.01, 0.5209, 84144.0247, 5.4900e+05, 480.40667
4.74, 0.3758, 0.4476, 2.9216e+05, 287.91743
4.48, 0.3145, 0.2739, 4.6888e+05, 405.42114
5.10, 0.3558, 0.3109, 5.1152e+05, 445.74149
4.84, 0.5478, 0.6913, 2.7600e+05, 261.38736
5.02, 0.5504, 2123.6668, 3.1800e+05, 286.21317
4.65, 0.3326, 0.3154, 7.3507e+05, 600.01492
4.49, 0.5406, 0.5490, 5.3758e+05, 458.67503
4.66, 0.4340, 0.8009, 2.6600e+05, 265.53562
5.11, 0.6333, 0.6394, 6.9800e+05, 580.12967
4.85, 0.3186, 0.2804, 8.8154e+05, 672.45964
4.67, 0.6276, 0.5557, 3.1100e+05, 300.60973
4.50, 0.7404, 0.7919, 4.0360e+06, 3391.22940
4.86, 0.4972, 0.6622, 3.0326e+05, 287.11058
4.68, 7297072.1910, 8197716.8173, 2.9700e+05, 288.48559
5.03, 0.3244, 0.2711, 1.2819e+06, 919.67691
5.12, 0.4394, 0.3341, 6.6948e+05, 550.67609
4.51, 0.6006, 0.5016, 2.3899e+05, 247.58174
4.69, 0.5938, 0.6388, 2.2600e+05, 228.44312
4.87, 0.3394, 0.3173, 3.5751e+05, 339.73933
4.52, 0.6607, 0.5986, 1.9500e+05, 206.44343
5.04, 0.4497, 0.7953, 4.9309e+05, 434.37447
5.20, 0.3485, 0.2479, 1.7432e+06, 1175.05739
4.90, 3.4941, 0.6168, 4.0080e+06, 3161.83175
4.88, 0.6082, 10176.2916, 3.5500e+05, 330.23157
4.53, 0.5266, 66194.4240, 2.6600e+05, 264.35073
5.13, 0.6380, 181298.0877, 7.2100e+05, 571.71156
5.30, 0.3599, 0.7341, 6.9550e+05, 551.10697
4.89, 0.5482, 0.6815, 2.1600e+05, 208.41994
4.54, 0.3030, 0.2641, 6.0937e+05, 513.96130
5.14, 0.5456, 159735.2896, 6.1800e+05, 522.71072
4.91, 0.3137, 0.3281, 1.0890e+06, 811.35897
5.31, 0.5293, 0.5537, 7.7617e+05, 623.81981
4.55, 0.6177, 0.4898, 2.2147e+05, 225.05687
5.21, 35775611.1973, 30711644.9266, 1.3000e+06, 882.93547
4.75, 0.6298, 0.7713, 3.1240e+06, 2755.48853
5.40, 0.6378, 594.8909, 1.0050e+06, 763.47090
5.15, 0.3896, 0.3341, 6.1076e+05, 513.85644
4.92, 0.3595, 0.2766, 3.5788e+05, 322.67343
5.05, 0.5885, 0.7750, 1.3300e+06, 1295.87713
4.56, 0.8705, 0.5327, 6.1200e+05, 510.84203
5.32, 0.5125, 10377.7212, 8.1400e+05, 651.39385
4.76, 0.3040, 0.2550, 8.6800e+05, 678.38334
5.41, 0.5166, 39312.9704, 8.6500e+05, 653.96613
4.93, 0.4388, 0.7557, 7.4900e+05, 573.69516
5.16, 0.3961, 0.5498, 7.3200e+05, 583.65246
5.06, 0.4364, 0.2786, 7.9887e+05, 597.73500
4.57, 9340191.7554, 42167.4718, 6.5100e+05, 541.53069
4.77, 0.5646, 237713.6678, 2.9100e+05, 285.58863
5.22, 0.3042, 0.2432, 1.6869e+06, 1137.96977
4.58, 0.3590, 0.3379, 2.2725e+05, 228.43278
4.78, 0.5555, 0.7891, 2.8700e+05, 279.77993
5.07, 0.3940, 0.3687, 5.6493e+05, 489.48931
5.33, 0.3117, 0.3901, 1.1468e+06, 812.20481
5.17, 0.5972, 8508.2576, 5.6800e+05, 581.33430
4.59, 0.5585, 0.6244, 2.2300e+05, 224.71003
5.23, 0.5107, 39083.2749, 5.6900e+05, 479.77857
4.94, 0.6002, 4111.0268, 1.0410e+06, 769.41779
4.79, 0.3969, 0.5890, 3.2618e+05, 315.87937
5.18, 0.6134, 0.6397, 5.2600e+05, 443.47524
5.50, 0.6847, 0.4649, 7.1600e+05, 544.66313
5.08, 0.5502, 8544.1435, 1.0860e+06, 768.54082
5.42, 0.6360, 57.6053, 1.6060e+06, 1378.68877
5.34, 0.4968, 0.6902, 1.3762e+06, 966.85780
5.19, 0.5055, 5.7244, 6.2200e+05, 518.26873
4.95, 24.6175, 0.5571, 1.2180e+06, 888.46198
5.51, 0.4781, 18948.4060, 9.7800e+05, 714.96873
5.35, 0.4998, 0.3566, 7.3905e+05, 602.88855
5.24, 0.6236, 0.4067, 2.3943e+06, 1543.52731
5.09, 0.3235, 0.2685, 1.4285e+06, 996.27541
5.60, 0.5853, 8952.8771, 2.4690e+06, 1459.78771
5.52, 0.5608, 0.6354, 8.6356e+05, 646.15024
4.96, 0.2929, 0.2572, 1.2816e+06, 925.45989
5.70, 0.3915, 3896.2633, 1.5980e+06, 1074.81337
5.43, 0.2767, 0.3207, 2.1292e+06, 1319.44739
5.25, 0.4945, 0.5221, 6.2264e+05, 516.66511
4.97, 0.6059, 0.4827, 3.4800e+05, 314.51424
5.36, 0.5257, 23804.5187, 9.9200e+05, 766.67270
5.80, 14762.9590, 0.6723, 1.1980e+06, 833.30260
4.98, 0.3467, 0.3008, 4.0347e+05, 367.08988
5.61, 17569.3516, 2377462.8469, 1.4070e+06, 999.20651
5.53, 0.3496, 0.3379, 1.1548e+06, 857.13242
5.26, 0.5438, 41778.6966, 7.5200e+05, 593.82880
5.71, 0.5558, 0.5174, 1.1380e+06, 799.67189
5.44, 0.3466, 0.3712, 1.1171e+06, 849.11759
4.99, 0.3811, 0.4263, 4.6749e+05, 419.78106
5.37, 16227.4515, 0.5724, 1.6020e+06, 1047.56444
5.27, 0.5897, 44166.6654, 9.1200e+05, 678.39024
5.81, 0.6810, 0.7280, 1.4179e+06, 957.02006
5.45, 0.5797, 0.7098, 7.6209e+05, 609.16154
5.90, 0.6117, 0.8951, 1.3470e+06, 905.63930
5.46, 0.4537, 0.3322, 7.1256e+05, 549.11841
5.28, 0.3388, 0.3628, 8.5720e+05, 685.36336
5.54, 0.5474, 0.5596, 2.4200e+06, 1458.40641
5.72, 0.2470, 0.2035, 2.5595e+06, 1480.64426
5.38, 0.2619, 0.2634, 1.9409e+06, 1220.20500
5.62, 0.4784, 114570.1743, 3.3330e+06, 1912.97579
5.47, 0.4885, 17508.7595, 7.7200e+05, 592.38327
5.82, 0.6493, 0.6759, 2.0190e+06, 1287.76898
5.55, 0.2843, 0.2945, 9.1149e+05, 678.92409
5.73, 0.4061, 0.5870, 1.0590e+06, 754.16042
5.29, 0.5033, 276.6220, 1.6940e+06, 1131.16414
5.39, 0.3363, 0.2896, 1.7618e+06, 1122.43311
5.48, 0.6939, 0.7382, 1.8940e+06, 1204.41164
5.63, 0.4735, 0.8298, 1.8850e+06, 1267.93799
5.83, 0.6459, 0.6152, 1.8096e+06, 1149.61985
5.74, 0.3895, 0.3656, 1.7155e+06, 1171.93583
6.00, 0.5918, 33834.5118, 1.5720e+06, 1012.24895
5.56, 0.5631, 0.4228, 2.4358e+06, 1444.17767
5.64, 0.6604, 0.4772, 8.8800e+05, 646.49617
6.10, 0.6466, 96679.1167, 2.1030e+06, 1283.34341
5.91, 0.3110, 0.2514, 6.0276e+06, 3056.07791
5.49, 0.3330, 0.2675, 1.9112e+06, 1194.81096
5.84, 0.4108, 6593.3988, 1.8230e+06, 1170.71946
5.75, 0.5846, 0.4088, 1.5249e+06, 1067.93213
5.57, 0.5263, 0.6142, 1.3718e+06, 988.95269
6.01, 0.5046, 0.6774, 1.8830e+06, 1201.73898
5.65, 0.3795, 0.3406, 1.4704e+06, 1040.05756
5.58, 0.4434, 4019.2826, 9.9900e+05, 732.46071
5.76, 0.4819, 0.6144, 1.2095e+06, 865.61827
5.85, 0.3916, 0.2482, 1.9068e+06, 1192.46283
6.20, 0.5187, 0.8067, 2.4099e+06, 1429.84858
5.66, 0.3481, 0.3514, 1.3386e+06, 953.19785
5.77, 0.7086, 0.4139, 1.2150e+06, 841.98052
5.59, 0.4637, 2.1404, 1.3800e+06, 964.54730
5.92, 0.3655, 0.2464, 3.9997e+06, 2103.89536
6.02, 0.5855, 20754.4732, 3.4420e+06, 1896.37148
5.86, 0.6733, 0.7604, 1.8520e+06, 1259.60174
6.11, 0.5772, 9264.6493, 5.2500e+06, 2624.88732
5.67, 0.6347, 0.7778, 1.9090e+06, 1225.16869
6.21, 0.3529, 0.3065, 2.5015e+06, 1469.88861
5.78, 0.7077, 0.5356, 1.8030e+06, 1156.93011
5.68, 0.5786, 144434.9598, 1.1970e+06, 837.85242
6.03, 0.5277, 0.7198, 1.9782e+06, 1239.68277
5.93, 0.6917, 35939.4602, 2.6560e+06, 1561.50357
5.87, 0.6243, 22314.7620, 1.9880e+06, 1272.89761
6.12, 0.6838, 0.6206, 2.0134e+06, 1233.74648
6.30, 0.6546, 0.7190, 4.9940e+06, 2565.32133
5.79, 0.5777, 0.6093, 2.2600e+06, 1473.44642
5.69, 0.5995, 0.7433, 1.6976e+06, 1175.21402
6.22, 0.6491, 65.4787, 3.5580e+06, 1972.51969
5.88, 1.2163, 0.6625, 1.8120e+06, 1176.41162
5.94, 0.3891, 0.5323, 2.2336e+06, 1371.21161
6.04, 0.4456, 0.5016, 2.5474e+06, 1525.81582
6.13, 0.4680, 0.7854, 2.2860e+06, 1383.57426
5.89, 0.4601, 0.4754, 1.6776e+06, 1117.65031
5.95, 0.5390, 66927.7811, 1.8310e+06, 1166.61284
6.40, 0.5927, 0.6595, 2.7150e+06, 1616.40008
6.31, 11651.7030, 0.6269, 3.1220e+06, 1741.76408
6.23, 0.8467, 0.7280, 3.1140e+06, 1718.37011
6.05, 0.4935, 0.8121, 3.4597e+06, 1842.52734
5.96, 0.4724, 0.5649, 2.2984e+06, 1265.67890
6.14, 5.5886, 0.3359, 4.7610e+06, 2371.74624
6.32, 0.4773, 17594.4445, 3.2080e+06, 1620.20365
6.06, 0.5452, 10467.4533, 1.7810e+06, 1019.46656
6.41, 0.7206, 0.7753, 4.0260e+06, 2073.04851
5.97, 0.5933, 0.5564, 1.6410e+06, 968.45711
6.50, 0.2031, 0.2036, 1.0001e+07, 4023.09027
6.15, 0.3954, 0.3341, 2.6838e+06, 1433.90153
6.24, 0.2593, 0.4058, 5.5339e+06, 2481.68555
6.07, 0.6299, 16271.5059, 2.1090e+06, 1193.52593
5.98, 0.6661, 3229.0395, 2.2600e+06, 1259.70397
6.42, 0.4093, 0.5036, 3.6006e+06, 1781.18108
6.16, 0.6028, 1065.1226, 2.1020e+06, 1212.85327
6.25, 0.3886, 0.5024, 2.9630e+06, 1548.01368
5.99, 0.3997, 0.7874, 1.8260e+06, 1073.36338
6.33, 0.3107, 0.2186, 6.4610e+06, 2868.03145
6.08, 0.5603, 0.5235, 4.2910e+06, 2019.49673
6.17, 0.3654, 0.3569, 2.1370e+06, 1102.27557
6.09, 0.6047, 0.7907, 2.1811e+06, 1123.14948
6.51, 0.2287, 0.2102, 1.0001e+07, 3823.94543
6.26, 0.6588, 58536.7215, 4.3120e+06, 1938.81155
6.18, 0.5807, 28784.8955, 2.7840e+06, 1299.52577
6.34, 0.5405, 170.7957, 6.5670e+06, 2384.67946
6.43, 0.6209, 127726.7261, 8.6320e+06, 3180.09155
6.19, 0.5913, 92.3042, 3.0650e+06, 1309.30761
6.52, 0.5526, 0.7846, 4.3920e+06, 1501.02114
6.35, 0.4073, 0.5898, 2.9820e+06, 1115.59955
6.44, 0.3363, 0.2862, 4.1541e+06, 1477.29905
6.27, 0.3396, 0.2766, 7.0178e+06, 2314.81026
6.53, 0.6549, 0.7077, 4.8135e+06, 1500.58084
6.36, 0.6710, 194.7118, 4.8390e+06, 1529.57306
6.28, 0.4859, 0.8032, 2.7200e+06, 959.44218
6.45, 0.4828, 32792.7684, 5.1670e+06, 1629.38621
6.37, 0.4480, 0.5062, 3.3282e+06, 1123.35048
6.54, 0.4230, 0.7201, 5.6700e+06, 1727.04996
6.29, 0.5315, 0.4546, 4.7006e+06, 1514.24905
6.46, 0.5723, 38.4214, 3.7450e+06, 1226.52364
6.38, 0.5949, 0.7184, 3.4670e+06, 1168.28344
6.55, 0.3429, 0.3168, 4.5657e+06, 1425.49387
6.47, 0.6071, 0.8407, 4.1445e+06, 1322.69184
6.39, 0.4347, 6989.9183, 5.4040e+06, 1689.96832
6.48, 0.4805, 0.6090, 6.2548e+06, 1867.87467
6.56, 0.5149, 40625.8988, 7.6140e+06, 2161.47220
6.49, 0.4532, 64761.7498, 3.9470e+06, 1264.99934
6.57, 14054.7233, 0.7115, 5.0320e+06, 1541.74545
6.58, 0.4249, 119344.9695, 5.5710e+06, 1665.28441
6.59, 0.4315, 0.6686, 5.7100e+06, 1716.99985
7.10, 0.1322, 0.1537, 1.0001e+07, 4785.17868
7.40, 0.1349, 0.1512, 1.0001e+07, 4781.63270
7.70, 0.0500, 0.1266, 1.0001e+07, 4600.71562
8.00, 0.0263, 0.1428, 1.0001e+07, 4551.74627
8.20, 0.0053, 0.1617, 1.0001e+07, 2578.30704
6.40, 0.6373, 0.5759, 5.7990e+06, 3261.27912
8.60, 0.0002, 0.1082, 6.0000e+03, 7.40875
8.70, 0.0001, 0.0841, 1.0000e+03, 1.27300
8.80, 0.0000, 0.0000, 0.0000e+00, 0.00073
8.90, 0.0000, 0.0000, 0.0000e+00, 0.00061
9.00, 0.0000, 0.0000, 0.0000e+00, 0.00058
9.10, 0.0000, 0.0000, 0.0000e+00, 0.00058
9.20, 0.0000, 0.0000, 0.0000e+00, 0.00056
9.30, 0.0000, 0.0000, 0.0000e+00, 0.00055
9.40, 0.0000, 0.0000, 0.0000e+00, 0.00056
9.50, 0.0000, 0.0000, 0.0000e+00, 0.00058
9.60, 0.0000, 0.0000, 0.0000e+00, 0.00057
9.70, 0.0000, 0.0000, 0.0000e+00, 0.00057
9.80, 0.0000, 0.0000, 0.0000e+00, 0.00058
9.90, 0.0000, 0.0000, 0.0000e+00, 0.00056
6.60, 0.2718, 0.2591, 1.0001e+07, 4837.75686
6.90, 0.2710, 0.2300, 1.0001e+07, 4565.84144
8.30, 0.0033, 0.1661, 1.0001e+07, 4456.22222
7.20, 0.4345, 0.5958, 9.7520e+06, 4652.12916
7.50, 0.1025, 0.1170, 1.0001e+07, 4447.00504
7.80, 0.1123, 0.1323, 1.0001e+07, 4440.83453
6.70, 0.6287, 0.6836, 7.3100e+06, 3382.36724
8.10, 0.0120, 0.1441, 1.0001e+07, 4134.61022
7.00, 0.4701, 2100.4617, 7.0870e+06, 3288.84170
8.40, 0.0020, 0.1751, 1.0001e+07, 3973.93856
7.30, 0.2136, 0.2082, 1.0001e+07, 4020.86154
7.90, 0.0489, 0.1394, 1.0001e+07, 3567.84414
7.60, 0.0739, 0.1183, 1.0001e+07, 3695.29300
8.59, 0.0003, 0.1802, 1.2000e+04, 12.74424
8.60, 0.0002, 0.1082, 6.0000e+03, 10.00346
8.61, 0.0001, 0.1608, 1.0000e+03, 1.96689
8.62, 0.0002, 0.1584, 5.0000e+03, 7.75274
8.63, 0.0003, 0.1853, 5.0000e+03, 6.52816
8.64, 0.0003, 0.0869, 2.0000e+03, 2.62600
8.57, 0.0003, 0.1978, 2.8000e+04, 37.41004
8.65, 0.0001, 0.0842, 1.0000e+03, 1.41221
8.66, 0.0001, 0.0891, 1.0000e+03, 1.94922
8.58, 0.0002, 0.1892, 1.1000e+04, 15.25202
8.67, 0.0003, 0.2116, 1.1000e+04, 16.57515
8.68, 0.0002, 0.1712, 2.0000e+03, 3.53849
8.69, 0.0002, 0.1820, 3.0000e+03, 4.30320
8.65, 0.0001, 0.0842, 1.0000e+03, 1.21229
8.54, 0.0015, 0.2218, 1.0001e+07, 4235.10553
8.50, 0.0017, 0.2008, 1.0001e+07, 4238.07032
8.56, 0.0019, 0.2231, 1.0001e+07, 4239.07536
8.55, 0.0017, 0.2256, 1.0001e+07, 4239.90462
8.51, 0.0020, 0.2110, 1.0001e+07, 4240.01948
8.53, 0.0014, 0.2060, 1.0001e+07, 4241.82035
8.52, 0.0017, 0.2057, 1.0001e+07, 4242.33350
8.56, 0.0019, 0.2231, 1.0001e+07, 4312.80664
8.57, 0.0003, 0.1978, 2.8000e+04, 18.72638
8.58, 0.0002, 0.1892, 1.1000e+04, 7.63087
