# dH, e0, eM1_max, eM1_min, dA1_over_A0, eM2_max, eM2_min, dA2_over_A0, t_end(PM), wall_time, fate
8.61, 0.00, 0.0002, 0.0002, 2.2421e-03, 0.0136, 0.0136, 1.7288e-01, 8.5381e+02, 0.50448, a>0.4R_H
8.78, 0.00, 0.0002, 0.0002, 2.2357e-03, 0.2688, 0.2688, 7.1672e-02, 8.5381e+02, 0.50429, a>0.4R_H
8.71, 0.00, 0.0002, 0.0002, 2.2381e-03, 0.1364, 0.1364, 2.2339e-01, 8.5381e+02, 0.50499, a>0.4R_H
8.63, 0.00, 0.0002, 0.0001, 2.3123e-03, 0.1098, 0.0542, 2.1458e-01, 8.8797e+02, 0.52602, a>0.4R_H
8.79, 0.00, 0.0002, 0.0002, 2.2379e-03, 0.2332, 0.2332, 9.5576e-02, 8.5381e+02, 0.52536, a>0.4R_H
8.81, 0.00, 0.0002, 0.0002, 2.2330e-03, 0.2736, 0.2736, 4.1559e-02, 8.5381e+02, 0.50806, a>0.4R_H
4.27, 0.00, 0.5372, 0.0006, -1.5775e-01, 9.7952, 0.0017, -4.2070e+00, 1.0539e+05, 60.88050, a<0
4.26, 0.00, 0.3349, 0.0007, 2.3062e+00, 0.3519, 0.0020, -2.7079e-01, 1.0647e+05, 62.72431, collision
3.63, 0.00, 0.2885, 0.0000, 2.0607e+00, 0.2667, 0.0027, 7.0948e-01, 1.1638e+05, 66.10600, collision
4.34, 0.00, 0.5973, 0.0005, -3.2552e-01, 0.5206, 0.0006, 2.2401e+00, 1.3938e+05, 77.97941, d<R_roche
8.95, 0.00, 0.0251, 0.0251, -2.5520e-02, 13687.5150, 1.0000, -1.0054e+00, 8.5381e+02, 0.52186, a<0
3.67, 0.00, 0.3764, 0.0013, 1.6279e+02, 0.3118, 0.0010, -4.6404e-01, 1.6097e+05, 89.57111, collision
3.78, 0.00, 0.3089, 0.0003, 6.3707e-01, 0.3413, 0.0010, 2.5686e+00, 1.9149e+05, 102.78563, collision
3.93, 0.00, 0.3723, 0.0003, 2.3854e+00, 0.2704, 0.0004, -1.6116e-01, 2.0308e+05, 104.64252, collision
8.75, 0.00, 0.0002, 0.0001, 2.4109e-03, 0.2586, 0.1258, 1.5264e-01, 9.2212e+02, 0.54454, a>0.4R_H
3.88, 0.00, 0.5115, 0.0004, -2.8008e-01, 0.3149, 0.0004, 4.5671e+00, 2.3869e+05, 124.01536, d<R_roche
4.67, 0.00, 0.5270, 0.0005, -2.9192e-02, 0.7850, 0.0004, 4.5577e+00, 2.5416e+05, 126.54161, d<R_roche
4.65, 0.00, 0.4904, 0.0002, -5.1932e-04, 2388.8259, 0.0012, -1.1222e+00, 2.6653e+05, 135.43176, a<0
4.30, 0.00, 0.3640, 0.0011, 1.3246e+01, 0.3769, 0.0010, -3.2397e-01, 1.3512e+05, 77.08533, collision
8.82, 0.00, 0.0002, 0.0002, 2.2401e-03, 0.2567, 0.2567, 1.5284e-01, 8.5381e+02, 0.50254, a>0.4R_H
4.88, 0.00, 0.6115, 0.0002, -2.6324e-02, 0.3311, 0.0011, -1.4893e+00, 3.4050e+05, 159.48272, d<R_roche
4.21, 0.00, 0.3046, 0.0001, -7.4150e+00, 0.2672, 0.0003, -5.4300e-01, 3.3057e+05, 159.95045, collision
4.87, 0.00, 0.6372, 0.0003, -4.4576e-01, 0.6059, 0.0007, 1.1104e+00, 3.8336e+05, 176.25753, d<R_roche
4.37, 0.00, 0.3259, 0.0004, 2.2787e+01, 0.2511, 0.0004, -4.5622e-01, 4.1420e+05, 186.67795, collision
5.05, 0.00, 0.6245, 0.0003, -8.6049e-02, 0.7586, 0.0003, 5.1216e+00, 4.4846e+05, 199.40543, d<R_roche
5.04, 0.00, 0.5985, 0.0001, 4.5372e-02, 0.8439, 0.0004, 5.0382e+00, 4.6444e+05, 207.69272, a>0.4R_H
4.04, 0.00, 0.2979, 0.0007, 6.6598e+00, 0.3177, 0.0010, -3.4756e-01, 3.1421e+05, 154.63049, collision
8.69, 0.00, 0.0002, 0.0001, 2.3072e-03, 0.1874, 0.0579, 1.0043e-01, 8.8797e+02, 0.52410, a>0.4R_H
4.45, 0.00, 0.6246, 0.0002, -2.7059e-01, 0.7781, 0.0003, 2.2725e+00, 4.9856e+05, 217.50787, d<R_roche
4.82, 0.00, 0.6245, 0.0001, -1.1303e-01, 0.5786, 0.0003, 1.0300e+00, 6.6584e+05, 268.31600, d<R_roche
5.54, 0.00, 0.6770, 0.0002, -1.6498e-01, 0.5254, 0.0006, 7.2762e-01, 7.9381e+05, 301.97510, d<R_roche
5.20, 0.00, 0.5386, 0.0002, 1.8734e-01, 0.7248, 0.0005, 4.7472e+00, 7.3220e+05, 306.16206, a>0.4R_H
8.68, 0.00, 0.0002, 0.0001, 2.3130e-03, 0.1364, 0.0193, 2.3568e-01, 8.8797e+02, 0.55392, a>0.4R_H
3.77, 0.00, 0.2989, 0.0002, 5.7211e-01, 0.3114, 0.0007, 1.9830e+00, 1.8643e+05, 100.59684, collision
4.59, 0.00, 0.6233, 0.0001, -4.2092e-02, 0.7714, 0.0001, 3.3642e+00, 6.0477e+05, 251.26430, d<R_roche
4.79, 0.00, 0.3705, 0.0003, 5.0143e-01, 0.3584, 0.0002, -1.2835e+01, 2.7123e+05, 131.56288, collision
4.90, 0.00, 0.6055, 0.0002, -9.9289e-02, 1137.5303, 0.0003, -1.1714e+00, 9.5047e+05, 357.31961, a<0
5.63, 0.00, 0.3593, 0.0002, 3.4037e+01, 0.3458, 0.0005, -4.6691e-01, 9.9153e+05, 358.26223, collision
5.74, 0.00, 0.4326, 0.0003, 1.7019e+00, 0.3877, 0.0002, 6.9344e-01, 1.0291e+06, 375.69841, collision
4.57, 0.00, 0.5945, 0.0006, -6.8566e-02, 0.6429, 0.0005, 1.1798e+00, 4.9849e+05, 213.46080, d<R_roche
4.74, 0.00, 0.2891, 0.0001, 1.9741e+00, 0.2638, 0.0003, 3.6915e-01, 8.1715e+05, 324.58576, collision
4.35, 0.00, 0.5968, 0.0006, -2.3692e-01, 0.8718, 0.0002, 1.0452e+00, 1.3101e+05, 72.21967, collision
5.26, 0.00, 0.5265, 0.0001, 2.8713e-01, 0.7617, 0.0005, 4.6771e+00, 1.2220e+06, 437.84751, a>0.4R_H
5.41, 0.00, 0.2850, 0.0003, 9.9536e+00, 0.2759, 0.0005, -3.8215e-01, 1.5916e+06, 511.51886, collision
5.10, 0.00, 0.6167, 0.0002, 1.4210e-01, 0.8302, 0.0001, 4.8714e+00, 1.0277e+06, 367.27530, a>0.4R_H
3.76, 0.00, 0.5804, 0.0004, -1.2471e-02, 0.7032, 0.0006, 1.9885e+00, 1.9289e+05, 103.88454, d<R_roche
5.90, 0.00, 0.5634, 0.0005, 1.1130e+00, 0.7343, 0.0008, -1.3211e+01, 1.6314e+06, 536.41148, collision
5.78, 0.00, 0.6609, 0.0006, 2.0546e-01, 0.7988, 0.0001, 4.5131e+00, 1.8495e+06, 593.37779, a>0.4R_H
6.10, 0.00, 0.5795, 0.0013, 3.6549e-01, 0.7936, 0.0004, 3.6183e+00, 1.9338e+06, 600.85409, a>0.4R_H
4.86, 0.00, 0.6384, 0.0002, -7.7880e-01, 0.5967, 0.0006, 2.7305e+00, 3.4832e+05, 166.35674, collision
5.13, 0.00, 0.3295, 0.0002, 1.6346e+00, 0.3119, 0.0006, 8.7166e-01, 1.7891e+06, 608.24404, collision
5.57, 0.00, 0.6763, 0.0000, -2.8614e-01, 0.6696, 0.0004, 7.4869e-01, 9.2458e+05, 347.92037, d<R_roche
5.19, 0.00, 0.5888, 0.0002, 1.3756e-01, 60060.5914, 0.0006, -1.0121e+00, 7.7383e+05, 312.76647, a<0
3.96, 0.00, 0.6336, 0.0006, -4.4503e-01, 0.3982, 0.0009, 6.7597e-01, 2.5160e+05, 128.06709, d<R_roche
4.43, 0.00, 0.5783, 0.0003, -1.0146e-01, 0.7279, 0.0009, 9.5992e-01, 1.8234e+05, 94.03660, d<R_roche
4.56, 0.00, 0.5581, 0.0001, -1.9977e-01, 57371.4982, 0.0015, -1.0153e+00, 2.1328e+05, 111.87402, a<0
8.59, 0.00, 0.0003, 0.0001, 2.8707e-03, 0.2388, 0.0726, 2.2100e-01, 1.0929e+03, 0.64349, a>0.4R_H
4.47, 0.00, 0.3916, 0.0005, 1.2210e-01, 0.7370, 0.0010, -4.9195e+00, 2.1362e+05, 108.99791, collision
5.40, 0.00, 0.5269, 0.0001, 1.7561e-01, 1.1400, 0.0004, -1.6156e+01, 1.0369e+06, 376.00851, a<0
4.85, 0.00, 0.6046, 0.0004, 2.3367e-01, 0.5027, 0.0010, -1.7309e+00, 3.4559e+05, 164.30067, collision
6.39, 0.00, 0.6099, 0.0018, 4.0337e-01, 39743.7448, 0.0005, -1.0115e+00, 3.0395e+06, 859.53426, a<0
6.00, 0.00, 0.6599, 0.0011, 2.2905e-01, 4516.6680, 0.0002, -1.0537e+00, 3.3543e+06, 944.08761, a<0
5.37, 0.00, 0.5800, 0.0001, 2.4741e-01, 9510.6115, 0.0005, -1.0403e+00, 1.9146e+06, 603.64607, a<0
6.40, 0.00, 0.4961, 0.0020, 5.5157e-01, 0.7938, 0.0003, 2.9187e+00, 3.8695e+06, 1031.70537, a>0.4R_H
6.09, 0.00, 0.6281, 0.0011, 5.6364e-02, 0.7104, 0.0003, -3.5422e+00, 1.8004e+06, 559.72021, d<R_roche
6.48, 0.00, 0.5810, 0.0019, 5.1651e-01, 0.8111, 0.0005, 6.2478e+00, 4.1256e+06, 1075.49795, a>0.4R_H
4.66, 0.00, 0.6210, 0.0003, -4.8707e-01, 0.4707, 0.0003, 7.8414e-01, 2.6431e+05, 132.50672, d<R_roche
4.42, 0.00, 0.3089, 0.0002, -1.5222e+02, 0.2630, 0.0004, -4.9900e-01, 4.7569e+05, 208.91589, collision
6.47, 0.00, 0.4213, 0.0019, 5.5742e-01, 30062.2200, 0.0002, -1.0123e+00, 4.5550e+06, 1179.26384, a<0
4.05, 0.00, 0.5582, 0.0005, -1.0832e-01, 0.7173, 0.0005, 2.4600e+00, 2.5444e+05, 127.03576, d<R_roche
6.45, 0.00, 0.4521, 0.0021, 5.9187e-01, 0.8304, 0.0004, 3.0441e+00, 4.7437e+06, 1229.70258, a>0.4R_H
6.29, 0.00, 0.6382, 0.0016, 1.6290e+00, 0.6153, 0.0003, 1.5547e+00, 2.6744e+06, 763.09827, collision
5.36, 0.00, 0.4592, 0.0003, 2.8585e-01, 5.8490, 0.0005, -3.9498e+00, 2.0996e+06, 663.65862, a<0
6.21, 0.00, 4163.3339, 0.0015, -1.2297e+00, 0.3601, 0.0005, -6.8416e-01, 2.4145e+06, 710.44796, a<0
4.97, 0.00, 0.4589, 0.0003, 4.9099e-02, 18250.7580, 0.0007, -1.0281e+00, 4.4129e+05, 198.41603, a<0
6.68, 0.00, 0.5237, 0.0002, 6.5377e-01, 0.7201, 0.0007, 2.3494e+00, 5.9875e+06, 1428.12458, a>0.4R_H
6.11, 0.00, 0.5898, 0.0001, 3.3324e-01, 11768.4612, 0.0004, -1.0292e+00, 1.8359e+06, 569.13741, a<0
5.81, 0.00, 1732.0722, 0.0000, -1.3831e+00, 0.5980, 0.0003, -6.6197e-01, 2.7974e+06, 834.45255, a<0
5.47, 0.00, 0.4068, 0.0004, 1.3669e+00, 0.5755, 0.0001, 7.6825e-01, 1.0078e+06, 377.24019, collision
6.12, 0.00, 0.2835, 0.0012, 7.1169e-01, 0.2357, 0.0002, -2.7999e+00, 5.0702e+06, 1281.35222, collision
5.85, 0.00, 0.3697, 0.0002, 5.9988e+00, 0.2716, 0.0004, -3.3220e+00, 5.8742e+06, 1505.52713, collision
6.51, 0.00, 0.6051, 0.0014, 6.4459e-01, 0.8303, 0.0001, 2.8328e+00, 6.1708e+06, 1522.96601, a>0.4R_H
5.11, 0.00, 0.5198, 0.0001, -2.8440e-01, 0.3431, 0.0002, -6.9698e+00, 5.7902e+05, 243.21155, d<R_roche
6.66, 0.00, 0.4028, 0.0017, 1.5238e+01, 0.4622, 0.0004, -4.1075e-01, 6.0776e+06, 1467.91280, collision
5.93, 0.00, 0.5107, 0.0002, -9.8173e+00, 0.6005, 0.0002, -5.4087e-01, 4.1348e+06, 1087.56531, collision
7.04, 0.00, 0.5018, 0.0014, -6.6812e+01, 0.6446, 0.0003, -3.7256e-01, 6.8412e+06, 1623.09546, collision
8.90, 0.00, 0.0003, 0.0003, 2.2378e-03, 36646.5919, 1.0000, -1.0030e+00, 8.5381e+02, 0.50414, a<0
8.77, 0.00, 0.0002, 0.0002, 2.2395e-03, 0.3270, 0.3270, 1.5435e-01, 8.5381e+02, 0.50392, a>0.4R_H
5.23, 0.00, 0.8865, 0.0001, -1.2089e+01, 0.8361, 0.0005, -5.0283e-01, 6.4674e+05, 261.29803, collision
5.22, 0.00, 0.4991, 0.0004, 7.7865e-02, 5577.9350, 0.0005, -1.0616e+00, 4.9228e+05, 210.09450, a<0
5.03, 0.00, 0.5623, 0.0001, 1.9993e-02, 22178.8336, 0.0004, -1.0252e+00, 4.1468e+05, 183.12086, a<0
6.50, 0.00, 0.5159, 0.0009, 5.1271e-01, 504.6027, 0.0003, -1.1486e+00, 3.9424e+06, 1032.66064, a<0
6.44, 0.00, 0.5380, 0.0017, 6.4169e-01, 0.7038, 0.0002, 2.4896e+00, 5.6635e+06, 1415.68676, a>0.4R_H
4.92, 0.00, 0.5907, 0.0002, -1.4713e-01, 0.8015, 0.0007, 3.3783e+00, 5.0956e+05, 231.49724, d<R_roche
3.81, 0.00, 0.5751, 0.0003, -1.9304e-02, 0.5393, 0.0008, -2.8320e+00, 1.6279e+05, 87.37531, collision
8.98, 0.00, 0.0002, 0.0002, 2.2378e-03, 59876.0556, 1.0000, -1.0019e+00, 8.5381e+02, 0.50460, a<0
4.71, 0.00, 0.6344, 0.0002, -1.3431e-02, 0.6623, 0.0001, 1.9310e+00, 8.7564e+05, 347.30690, d<R_roche
6.01, 0.00, 0.5881, 0.0003, 3.4273e-01, 11850.2760, 0.0002, -1.0288e+00, 1.8380e+06, 578.49505, a<0
5.31, 0.00, 446.0782, 0.0002, -1.8753e+00, 0.6913, 0.0007, -6.2197e-01, 1.9585e+06, 627.94620, a<0
5.70, 0.00, 0.2874, 0.0003, 3.2421e+00, 0.4049, 0.0005, 3.6401e-01, 2.9809e+06, 859.91402, collision
7.94, 0.00, 0.0362, 0.0000, 1.2547e+00, 0.1423, 0.0005, 1.4209e-02, 1.0000e+07, 2095.42714, tmax
8.01, 0.00, 0.0236, 0.0000, 1.2544e+00, 0.1466, 0.0004, 7.3452e-03, 1.0000e+07, 2101.74167, tmax
8.25, 0.00, 0.0046, 0.0001, 1.2459e+00, 0.1673, 0.0006, 1.5925e-02, 1.0000e+07, 2105.76122, tmax
7.86, 0.00, 0.0728, 0.0002, 1.2586e+00, 0.1395, 0.0002, 2.3447e-02, 1.0000e+07, 2110.30202, tmax
8.31, 0.00, 0.0029, 0.0000, 1.2425e+00, 0.1775, 0.0002, 1.1880e-01, 1.0000e+07, 2111.98197, tmax
7.67, 0.00, 0.0689, 0.0006, 1.2503e+00, 0.1289, 0.0002, 8.2989e-02, 1.0000e+07, 2114.20026, tmax
8.51, 0.00, 0.0016, 0.0000, 1.2389e+00, 0.2176, 0.0004, 2.9194e-02, 1.0000e+07, 2118.12128, tmax
8.40, 0.00, 0.0025, 0.0001, 1.2379e+00, 0.1886, 0.0007, 9.8870e-02, 1.0000e+07, 2118.36691, tmax
8.46, 0.00, 0.0021, 0.0000, 1.2386e+00, 0.1997, 0.0006, 3.6371e-02, 1.0000e+07, 2119.45684, tmax
7.71, 0.00, 0.0207, 0.0000, 1.2484e+00, 0.1300, 0.0001, 9.9010e-02, 1.0000e+07, 2119.48695, tmax
8.50, 0.00, 0.0019, 0.0000, 1.2389e+00, 0.2102, 0.0006, 2.4176e-02, 1.0000e+07, 2120.30637, tmax
8.52, 0.00, 0.0017, 0.0000, 1.2386e+00, 0.2129, 0.0002, 1.0501e-01, 1.0000e+07, 2123.69578, tmax
8.27, 0.00, 0.0036, 0.0001, 1.2433e+00, 0.1674, 0.0001, 1.9571e-02, 1.0000e+07, 2128.22544, tmax
8.42, 0.00, 0.0023, 0.0000, 1.2390e+00, 0.1918, 0.0003, 2.3266e-03, 1.0000e+07, 2131.09239, tmax
6.34, 0.00, 0.4413, 0.0012, 4.3303e-01, 1.8403, 0.0003, -1.4139e+01, 3.0766e+06, 854.78676, a<0
7.75, 0.00, 0.1158, 0.0001, 1.2753e+00, 0.1363, 0.0005, -2.2076e-03, 1.0000e+07, 2162.66408, tmax
6.98, 0.00, 0.0913, 0.0004, 1.2572e+00, 0.1247, 0.0002, 1.0671e-01, 1.0000e+07, 2167.17564, tmax
8.60, 0.00, 0.0003, 0.0000, 3.1161e-03, 0.1646, 0.0283, 1.9557e-01, 1.1953e+03, 0.70932, a>0.4R_H
8.74, 0.00, 0.0002, 0.0001, 2.3060e-03, 0.1545, 0.1271, 1.1807e-01, 8.8797e+02, 0.52136, a>0.4R_H
7.91, 0.00, 0.0478, 0.0000, 1.2557e+00, 0.1419, 0.0001, 8.2053e-03, 1.0000e+07, 2107.22488, tmax
4.77, 0.00, 0.6048, 0.0003, -2.8058e-01, 0.6284, 0.0003, 1.6077e+00, 3.7892e+05, 175.64472, d<R_roche
7.53, 0.00, 0.1210, 0.0006, 1.2714e+00, 0.1230, 0.0007, 5.6033e-02, 1.0000e+07, 2183.46302, tmax
8.73, 0.00, 0.0002, 0.0002, 2.2335e-03, 0.0536, 0.0536, 6.3654e-02, 8.5381e+02, 0.50275, a>0.4R_H
8.36, 0.00, 0.0022, 0.0000, 1.2385e+00, 0.1810, 0.0003, 2.3251e-02, 1.0000e+07, 2123.91212, tmax
4.38, 0.00, 7391.1721, 0.0002, -1.1564e+00, 0.8091, 0.0012, -6.4865e-01, 1.6462e+05, 88.72002, a<0
3.66, 0.00, 0.5495, 0.0008, -6.2495e-01, 0.4544, 0.0013, 2.0543e+00, 1.2695e+05, 72.10449, d<R_roche
3.50, 0.00, 0.3635, 0.0090, 1.0724e+00, 0.2773, 0.0030, 3.0607e-01, 8.9878e+04, 53.43544, collision
6.07, 0.00, 0.8486, 0.0013, 2.3535e+01, 0.6347, 0.0001, -6.6832e-01, 1.8651e+06, 598.25795, a>0.4R_H
7.20, 0.00, 0.1794, 0.0011, 1.3063e+00, 0.1736, 0.0005, 9.2099e-02, 1.0000e+07, 2219.71620, tmax
7.49, 0.00, 0.1460, 0.0007, 1.2890e+00, 0.1242, 0.0002, 2.7529e-02, 1.0000e+07, 2220.44329, tmax
3.97, 0.00, 0.3037, 0.0006, 3.0778e+00, 0.2977, 0.0009, -2.0454e-01, 2.6353e+05, 132.60492, collision
5.92, 0.00, 0.4098, 0.0013, 4.1119e-01, 0.6218, 0.0002, -1.9690e+00, 3.2842e+06, 910.28635, collision
8.13, 0.00, 0.0092, 0.0002, 1.2491e+00, 0.1557, 0.0005, 5.2514e-02, 1.0000e+07, 2107.46610, tmax
7.47, 0.00, 0.1538, 0.0007, 1.2971e+00, 0.1261, 0.0003, 9.3106e-03, 1.0000e+07, 2235.26134, tmax
7.81, 0.00, 0.0603, 0.0000, 1.2534e+00, 0.1382, 0.0002, 3.7066e-02, 1.0000e+07, 2111.25176, tmax
4.54, 0.00, 0.3810, 0.0004, -4.0490e+00, 0.4002, 0.0015, 2.3750e+00, 2.3269e+05, 118.53633, collision
7.98, 0.00, 0.0155, 0.0000, 1.2529e+00, 0.1470, 0.0001, 5.8958e-03, 1.0000e+07, 2092.66063, tmax
4.19, 0.00, 0.2877, 0.0003, 1.6939e+01, 0.2711, 0.0014, -4.5362e-01, 3.2801e+05, 155.58765, collision
4.78, 0.00, 0.5690, 0.0001, 1.7860e+01, 0.5380, 0.0002, -5.1089e-01, 2.7047e+05, 133.00858, collision
4.25, 0.00, 0.6178, 0.0001, 1.4202e-01, 0.5802, 0.0006, 8.4150e-01, 3.5874e+05, 167.70964, d<R_roche
7.31, 0.00, 0.2107, 0.0008, 1.3525e+00, 0.1720, 0.0003, -2.0943e-03, 1.0000e+07, 2288.47396, tmax
8.97, 0.00, 0.0002, 0.0002, 2.2378e-03, 49866.1482, 1.0000, -1.0022e+00, 8.5381e+02, 0.52376, a<0
7.13, 0.00, 0.5076, 0.0011, 8.7178e-01, 0.6830, 0.0004, 1.6811e+00, 8.4716e+06, 1960.16191, a>0.4R_H
4.62, 0.00, 0.5801, 0.0004, 3.3370e-02, 0.7517, 0.0009, 2.1031e+00, 2.2674e+05, 113.12037, d<R_roche
7.46, 0.00, 0.1479, 0.0007, 1.2795e+00, 0.1417, 0.0002, 7.1950e-02, 1.0000e+07, 2209.59721, tmax
7.56, 0.00, 0.0695, 0.0006, 1.2533e+00, 0.1252, 0.0006, 6.4820e-03, 1.0000e+07, 2120.71266, tmax
4.07, 0.00, 0.3260, 0.0004, -5.9359e+00, 0.2701, 0.0009, -7.5608e-02, 2.7807e+05, 136.25514, collision
8.39, 0.00, 0.0023, 0.0001, 1.2385e+00, 0.1881, 0.0003, 1.8748e-02, 1.0000e+07, 2124.56465, tmax
3.91, 0.00, 0.3018, 0.0002, -1.7453e+01, 0.2548, 0.0007, -4.6806e-01, 1.9840e+05, 102.77965, collision
5.51, 0.00, 0.4119, 0.0001, 2.5487e-01, 0.4020, 0.0002, -1.9887e+00, 1.1406e+06, 410.09538, collision
6.17, 0.00, 0.3765, 0.0011, 9.5719e-01, 0.3119, 0.0002, -1.9724e+00, 2.3200e+06, 695.95402, collision
4.60, 0.00, 0.4211, 0.0006, 3.5011e+00, 0.6951, 0.0008, -9.1914e-01, 2.8321e+05, 141.12100, collision
7.03, 0.00, 0.2456, 0.0006, 1.2744e+00, 0.2441, 0.0003, 3.8816e-02, 1.0000e+07, 2214.08837, tmax
4.08, 0.00, 0.2834, 0.0004, 8.5339e-01, 0.2756, 0.0008, 7.5577e-01, 2.7133e+05, 132.76016, collision
3.98, 0.00, 0.3277, 0.0005, 1.7436e+00, 0.2670, 0.0004, -1.2662e-01, 2.2939e+05, 116.04205, collision
3.62, 0.00, 0.6090, 0.0006, -1.8071e-01, 0.7677, 0.0007, 2.2331e+00, 1.5478e+05, 87.71136, d<R_roche
7.93, 0.00, 0.0479, 0.0000, 1.2554e+00, 0.1421, 0.0003, 7.3724e-02, 1.0000e+07, 2099.86185, tmax
8.00, 0.00, 0.0259, 0.0001, 1.2546e+00, 0.1455, 0.0003, 1.2546e-01, 1.0000e+07, 2094.56061, tmax
6.90, 0.00, 0.0865, 0.0015, 1.2467e+00, 0.1288, 0.0004, 7.9826e-02, 1.0000e+07, 2145.08166, tmax
3.80, 0.00, 0.4617, 0.0003, -2.3431e-01, 0.8341, 0.0015, -1.5719e+00, 1.5825e+05, 85.22435, collision
8.65, 0.00, 0.0002, 0.0002, 2.2349e-03, 0.0631, 0.0631, 1.3692e-01, 8.5381e+02, 0.50420, a>0.4R_H
5.28, 0.00, 0.5578, 0.0002, -2.2025e-01, 0.3574, 0.0001, -7.9897e+01, 8.1170e+05, 322.15098, d<R_roche
5.02, 0.00, 0.4042, 0.0003, 2.5554e-01, 0.2975, 0.0003, -2.2361e+00, 3.7821e+05, 171.98634, collision
5.21, 0.00, 0.3544, 0.0001, -4.9758e+00, 0.3840, 0.0003, -5.5713e-01, 1.1491e+06, 399.30252, collision
4.93, 0.00, 0.6055, 0.0002, -7.7468e-02, 0.7801, 0.0008, 2.4965e+00, 2.8760e+05, 132.88226, d<R_roche
3.83, 0.00, 0.2906, 0.0005, 4.2629e+01, 0.3087, 0.0005, -4.5405e-01, 2.1921e+05, 114.96814, collision
4.06, 0.00, 0.3008, 0.0005, 2.4713e+00, 0.2681, 0.0005, 2.7030e-02, 2.6764e+05, 131.86784, collision
5.43, 0.00, 0.4282, 0.0007, 3.9413e+00, 0.5312, 0.0003, -5.7958e+00, 8.2545e+05, 314.55225, collision
4.96, 0.00, 0.6099, 0.0004, -5.0357e-01, 0.7287, 0.0005, 8.7961e-01, 3.4289e+05, 159.81285, d<R_roche
5.80, 0.00, 0.6322, 0.0001, -5.9322e-03, 0.7006, 0.0010, 2.0818e+00, 1.3925e+06, 484.02711, d<R_roche
6.32, 0.00, 0.3357, 0.0010, 9.6669e+01, 0.3312, 0.0001, -1.5983e-01, 8.0999e+06, 1826.77274, collision
8.58, 0.00, 0.0003, 0.0001, 2.3123e-03, 0.1134, 0.0475, 2.0092e-01, 8.8797e+02, 0.52103, a>0.4R_H
4.44, 0.00, 0.4124, 0.0003, -3.7428e+00, 0.3011, 0.0005, -5.0063e-01, 4.8760e+05, 213.42534, collision
7.12, 0.00, 0.3340, 0.0012, 1.2988e+00, 0.2948, 0.0000, 1.0898e-01, 1.0000e+07, 2245.03811, tmax
5.25, 0.00, 0.4538, 0.0001, 2.2165e-01, 188653.1868, 0.0001, -1.0056e+00, 1.6551e+06, 550.59038, a<0
4.32, 0.00, 0.3864, 0.0003, -3.1263e-03, 0.8833, 0.0002, 5.4944e+00, 2.0017e+05, 108.03529, a>0.4R_H
4.17, 0.00, 0.4048, 0.0001, 2.8892e-01, 0.3045, 0.0003, -2.8572e+00, 3.8110e+05, 179.63258, collision
5.46, 0.00, 0.3736, 0.0002, 5.3978e-01, 0.2636, 0.0007, -3.2869e+00, 1.7379e+06, 563.62110, collision
5.76, 0.00, 0.5853, 0.0002, 2.3526e-01, 11.3218, 0.0004, -5.2968e+00, 2.7024e+06, 787.26322, a<0
4.20, 0.00, 0.2863, 0.0001, 1.0436e+00, 0.2747, 0.0004, 3.0624e-01, 3.3636e+05, 158.55874, collision
8.06, 0.00, 0.0110, 0.0000, 1.2533e+00, 0.1502, 0.0002, 3.1833e-02, 1.0000e+07, 2092.52962, tmax
5.06, 0.00, 0.5877, 0.0001, 4.5732e-02, 47514.2653, 0.0003, -1.0145e+00, 4.9624e+05, 218.44039, a<0
5.86, 0.00, 0.5277, 0.0012, 2.4164e-01, 23.8857, 0.0005, -2.0587e+00, 2.1557e+06, 668.53328, a<0
7.99, 0.00, 0.0198, 0.0000, 1.2534e+00, 0.1453, 0.0004, 1.1436e-01, 1.0000e+07, 2103.47761, tmax
5.91, 0.00, 0.4461, 0.0001, 4.4055e-01, 0.3369, 0.0003, -1.2929e+00, 3.6095e+06, 1000.63597, collision
5.66, 0.00, 0.5092, 0.0001, 1.3754e+00, 0.7228, 0.0001, 2.2948e+00, 1.9196e+06, 597.01496, collision
5.95, 0.00, 0.5762, 0.0008, -8.0934e+00, 0.5964, 0.0002, -6.1864e-01, 1.4819e+06, 487.96486, collision
6.83, 0.00, 0.5282, 0.0001, -6.9466e+00, 0.6160, 0.0006, -5.5467e-01, 8.2387e+06, 1835.13361, collision
5.33, 0.00, 0.4364, 0.0004, -4.6239e+00, 0.5598, 0.0005, -5.7781e-01, 1.4264e+06, 473.51198, collision
7.02, 0.00, 0.2519, 0.0013, 1.2758e+00, 0.2464, 0.0006, 1.1432e-01, 1.0000e+07, 2211.61034, tmax
5.30, 0.00, 0.6576, 0.0003, -1.4827e-01, 0.6000, 0.0003, 9.9261e-01, 6.4849e+05, 263.67786, d<R_roche
8.85, 0.00, 0.0002, 0.0002, 2.2353e-03, 0.0921, 0.0921, 1.3096e-01, 8.5381e+02, 0.50392, a>0.4R_H
8.66, 0.00, 0.0002, 0.0002, 2.2410e-03, 0.0562, 0.0562, 2.1560e-01, 8.5381e+02, 0.50181, a>0.4R_H
5.12, 0.00, 0.3252, 0.0001, 5.0697e-01, 0.2598, 0.0004, -3.8742e+00, 1.5173e+06, 524.16801, collision
5.99, 0.00, 0.3910, 0.0001, 1.2202e+00, 0.3190, 0.0004, -9.7318e+00, 2.6794e+06, 835.16169, collision
5.79, 0.00, 0.4617, 0.0008, 1.2114e+00, 0.5138, 0.0002, 4.1766e+00, 2.6704e+06, 772.15568, collision
4.48, 0.00, 0.3065, 0.0003, -1.3451e+01, 0.2210, 0.0006, -4.7196e-01, 5.2637e+05, 226.50077, collision
5.97, 0.00, 0.5938, 0.0005, 2.9260e-01, 0.7939, 0.0002, 3.7996e+00, 1.4240e+06, 466.34801, a>0.4R_H
6.28, 0.00, 148.8059, 0.0010, -2.6161e+00, 0.5932, 0.0002, -6.8044e-01, 2.7259e+06, 776.71274, a<0
5.35, 0.00, 0.6036, 0.0004, 1.7908e-01, 74733.0021, 0.0007, -1.0098e+00, 9.4603e+05, 371.11514, a<0
3.71, 0.00, 0.3110, 0.0006, 8.6368e-01, 0.3346, 0.0011, 2.6534e-01, 1.6647e+05, 91.55051, collision
3.59, 0.00, 0.3225, 0.0011, 2.6212e+00, 0.3753, 0.0026, 1.7981e-01, 1.9292e+05, 107.17032, collision
8.62, 0.00, 0.0002, 0.0001, 3.0437e-03, 0.1936, 0.0430, 1.7293e-01, 1.1612e+03, 0.68079, a>0.4R_H
8.72, 0.00, 0.0002, 0.0002, 2.2405e-03, 0.0981, 0.0981, 1.5458e-01, 8.5381e+02, 0.50186, a>0.4R_H
6.04, 0.00, 0.5673, 0.0015, 3.9608e-01, 23024.5212, 0.0005, -1.0179e+00, 2.8619e+06, 867.33348, a<0
8.11, 0.00, 0.0143, 0.0001, 1.2493e+00, 0.1572, 0.0003, 7.5822e-02, 1.0000e+07, 2101.96732, tmax
7.74, 0.00, 0.0317, 0.0000, 1.2500e+00, 0.1351, 0.0002, 9.7431e-03, 1.0000e+07, 2105.24473, tmax
4.33, 0.00, 0.5220, 0.0002, -3.0662e+00, 0.7482, 0.0010, -6.1986e-01, 3.7437e+05, 170.73348, collision
7.00, 0.00, 0.2998, 0.0012, 1.3535e+00, 0.2849, 0.0004, -1.5319e-02, 1.0000e+07, 2282.36915, tmax
4.83, 0.00, 0.3781, 0.0001, -3.1758e+00, 0.3455, 0.0004, -4.7543e-01, 3.2673e+05, 156.02274, collision
6.57, 0.00, 0.5441, 0.0019, 6.0438e-01, 0.8437, 0.0003, 2.3888e+00, 4.9739e+06, 1245.17501, a>0.4R_H
4.13, 0.00, 0.6224, 0.0002, -2.8868e-01, 0.5339, 0.0005, 8.0240e-01, 2.8712e+05, 139.82016, d<R_roche
5.89, 0.00, 0.5619, 0.0011, 4.3964e-01, 0.4718, 0.0003, -2.4026e+00, 1.9670e+06, 611.45561, collision
5.50, 0.00, 0.5103, 0.0001, 1.8673e-01, 0.8751, 0.0002, 5.8986e+00, 8.9254e+05, 334.97841, a>0.4R_H
6.06, 0.00, 0.6677, 0.0013, 2.4536e-01, 2161.1388, 0.0002, -1.0832e+00, 4.9426e+06, 1261.73480, a<0
8.80, 0.00, 0.0002, 0.0002, 2.2398e-03, 0.2694, 0.2694, 3.8503e-03, 8.5381e+02, 0.50243, a>0.4R_H
8.34, 0.00, 0.0023, 0.0000, 1.2403e+00, 0.1812, 0.0002, 3.3240e-02, 1.0000e+07, 2115.78047, tmax
4.02, 0.00, 0.3057, 0.0005, 2.2183e-01, 0.3007, 0.0001, 3.0732e+01, 2.8652e+05, 142.11259, collision
6.46, 0.00, 0.2696, 0.0007, 1.2412e+00, 0.2298, 0.0005, 8.2706e-02, 1.0000e+07, 2155.18052, tmax
6.31, 0.00, 0.5619, 0.0017, 4.2782e-01, 208.6504, 0.0003, -1.2305e+00, 2.9006e+06, 822.37338, a<0
8.18, 0.00, 0.0056, 0.0002, 1.2483e+00, 0.1577, 0.0005, 1.3171e-01, 1.0000e+07, 2109.76831, tmax
4.23, 0.00, 0.4024, 0.0002, -3.9541e-01, 0.2344, 0.0003, -1.0163e+00, 2.5324e+05, 118.25724, d<R_roche
6.89, 0.00, 0.2766, 0.0009, 1.2463e+00, 0.2278, 0.0003, 4.3475e-02, 1.0000e+07, 2148.87626, tmax
8.70, 0.00, 0.0002, 0.0001, 2.4084e-03, 0.1518, 0.0742, 1.6266e-01, 9.2212e+02, 0.54112, a>0.4R_H
6.85, 0.00, 0.5001, 0.0002, 8.1550e-01, 0.7049, 0.0004, 2.6050e+00, 7.9344e+06, 1893.82919, a>0.4R_H
6.92, 0.00, 0.0969, 0.0003, 1.2510e+00, 0.1229, 0.0005, 5.2632e-02, 1.0000e+07, 2146.05646, tmax
8.35, 0.00, 0.0023, 0.0000, 1.2398e+00, 0.1810, 0.0007, 1.1362e-01, 1.0000e+07, 2117.05465, tmax
5.67, 0.00, 0.6759, 0.0003, 2.6183e-01, 246032.7160, 0.0004, -1.0041e+00, 2.4415e+06, 736.09618, a<0
5.27, 0.00, 0.6643, 0.0000, -5.1910e-01, 0.7606, 0.0002, 1.7251e+00, 6.6061e+05, 264.22341, d<R_roche
6.53, 0.00, 0.6530, 0.0020, 5.3832e-01, 226.0312, 0.0003, -1.2489e+00, 6.5307e+06, 1571.24036, a<0
6.13, 0.00, 0.6125, 0.0005, 5.0308e-01, 20067.3911, 0.0002, -1.0200e+00, 5.2578e+06, 1312.95040, a<0
4.39, 0.00, 0.4828, 0.0006, -4.2503e-01, 0.7784, 0.0008, 4.6882e+00, 1.5594e+05, 83.87258, d<R_roche
4.55, 0.00, 0.3232, 0.0003, -1.1474e+02, 0.2449, 0.0004, -3.3800e-01, 5.5639e+05, 236.45353, collision
3.94, 0.00, 0.3003, 0.0002, -9.3176e+00, 0.3175, 0.0013, -4.5582e-01, 2.5866e+05, 131.27553, collision
7.15, 0.00, 0.4805, 0.0012, 8.5711e-01, 0.6803, 0.0004, 1.7655e+00, 8.1892e+06, 1908.91280, a>0.4R_H
4.40, 0.00, 0.5177, 0.0003, -4.5173e-02, 0.8700, 0.0010, 3.3925e+00, 2.2872e+05, 123.13826, d<R_roche
6.86, 0.00, 0.5729, 0.0007, 3.1494e+00, 0.9500, 0.0004, -6.8528e-01, 8.0969e+06, 1904.95494, collision
5.87, 0.00, 0.5722, 0.0002, 4.0611e-01, 1013.9556, 0.0001, -1.1119e+00, 3.5778e+06, 963.55262, a<0
6.84, 0.00, 0.4536, 0.0011, 7.8379e-01, 0.6489, 0.0001, 2.1747e+00, 8.9130e+06, 1961.17583, a>0.4R_H
7.55, 0.00, 0.1005, 0.0005, 1.2628e+00, 0.1258, 0.0002, 3.0203e-03, 1.0000e+07, 2153.27859, tmax
4.15, 0.00, 0.3053, 0.0004, -3.2711e+01, 0.2936, 0.0004, -4.8925e-01, 3.6034e+05, 171.81457, collision
7.19, 0.00, 0.3821, 0.0009, 9.4942e-01, 0.6735, 0.0005, 1.8347e+00, 9.1267e+06, 2120.59495, a>0.4R_H
4.09, 0.00, 0.6036, 0.0001, -3.9072e-01, 0.8050, 0.0003, 1.7214e+00, 2.8552e+05, 140.17516, d<R_roche
7.58, 0.00, 0.0873, 0.0005, 1.2578e+00, 0.1255, 0.0000, 8.1293e-02, 1.0000e+07, 2139.10275, tmax
7.70, 0.00, 0.0584, 0.0001, 1.2490e+00, 0.1328, 0.0002, -2.2118e-03, 1.0000e+07, 2112.37023, tmax
8.45, 0.00, 0.0023, 0.0000, 1.2389e+00, 0.1956, 0.0006, 1.3297e-02, 1.0000e+07, 2118.74005, tmax
8.67, 0.00, 0.0002, 0.0001, 2.3115e-03, 0.1044, 0.0748, 1.2629e-01, 8.8797e+02, 0.52265, a>0.4R_H
7.76, 0.00, 0.0703, 0.0001, 1.2575e+00, 0.1349, 0.0002, 3.1874e-02, 1.0000e+07, 2115.01702, tmax
3.73, 0.00, 0.3716, 0.0008, -7.7686e-01, 0.4818, 0.0010, 1.6908e+00, 1.6697e+05, 91.37861, collision
8.96, 0.00, 0.0002, 0.0002, 2.2378e-03, 38245.4146, 1.0000, -1.0026e+00, 8.5381e+02, 0.50711, a<0
7.10, 0.00, 0.2362, 0.0012, 1.2797e+00, 0.2350, 0.0002, 1.3711e-02, 1.0000e+07, 2204.80265, tmax
7.57, 0.00, 0.0991, 0.0007, 1.2603e+00, 0.1296, 0.0003, 6.8860e-02, 1.0000e+07, 2161.86801, tmax
6.70, 0.00, 0.5073, 0.0001, 6.5825e-01, 58717.3524, 0.0001, -1.0074e+00, 6.7404e+06, 1591.86362, a<0
8.17, 0.00, 0.0065, 0.0002, 1.2499e+00, 0.1611, 0.0004, -3.3770e-03, 1.0000e+07, 2099.41478, tmax
7.09, 0.00, 0.1436, 0.0013, 1.2750e+00, 0.1699, 0.0001, 8.2671e-03, 1.0000e+07, 2193.65935, tmax
7.79, 0.00, 0.1219, 0.0000, 1.2768e+00, 0.1352, 0.0001, 6.6978e-02, 1.0000e+07, 2171.61478, tmax
8.49, 0.00, 0.0020, 0.0000, 1.2386e+00, 0.2126, 0.0006, 1.1876e-01, 1.0000e+07, 2120.79689, tmax
7.45, 0.00, 0.0672, 0.0007, 1.2497e+00, 0.1213, 0.0002, 9.8707e-02, 1.0000e+07, 2129.05382, tmax
4.69, 0.00, 0.6060, 0.0002, -1.7489e-01, 0.7019, 0.0009, 1.7620e+00, 2.8374e+05, 138.06957, d<R_roche
7.29, 0.00, 0.2199, 0.0010, 1.3146e+00, 0.1986, 0.0002, -4.7265e-03, 1.0000e+07, 2253.92118, tmax
7.69, 0.00, 0.0657, 0.0005, 1.2500e+00, 0.1310, 0.0005, 4.6697e-03, 1.0000e+07, 2109.66881, tmax
7.97, 0.00, 0.0153, 0.0000, 1.2524e+00, 0.1471, 0.0003, 2.5610e-02, 1.0000e+07, 2101.97555, tmax
8.87, 0.00, 0.0003, 0.0002, 2.3095e-03, 0.3336, 0.2083, 1.4269e-01, 8.8797e+02, 0.52403, a>0.4R_H
7.78, 0.00, 0.0652, 0.0000, 1.2538e+00, 0.1366, 0.0004, 1.5145e-02, 1.0000e+07, 2110.99930, tmax
4.98, 0.00, 0.3917, 0.0002, 3.6714e-01, 0.3860, 0.0003, -5.5189e+00, 4.5900e+05, 203.54832, collision
4.46, 0.00, 0.4392, 0.0002, -3.6911e-01, 71.2705, 0.0003, -1.4409e+00, 2.1489e+05, 111.48227, a<0
7.40, 0.00, 0.1488, 0.0007, 1.2857e+00, 0.1389, 0.0004, 9.7517e-02, 1.0000e+07, 2218.74327, tmax
6.23, 0.00, 0.3143, 0.0003, 2.0155e+00, 0.2252, 0.0006, -1.1227e+00, 6.9949e+06, 1643.17549, collision
3.68, 0.00, 0.2992, 0.0007, 2.6068e+00, 0.3153, 0.0018, -2.5770e-01, 1.6860e+05, 93.32264, collision
6.42, 0.00, 0.5542, 0.0011, 5.9392e-01, 0.7825, 0.0004, 2.6342e+00, 5.1465e+06, 1300.02547, a>0.4R_H
8.09, 0.00, 0.0145, 0.0001, 1.2504e+00, 0.1525, 0.0003, 7.6242e-02, 1.0000e+07, 2100.96282, tmax
4.51, 0.00, 0.6057, 0.0000, 2.5728e-01, 0.2907, 0.0004, 4.0270e-01, 5.5481e+05, 236.79341, d<R_roche
6.27, 0.00, 0.6337, 0.0014, 4.0436e-01, 103566.3047, 0.0003, -1.0062e+00, 2.7147e+06, 782.00631, a<0
8.29, 0.00, 0.0033, 0.0001, 1.2424e+00, 0.1731, 0.0002, 8.0170e-03, 1.0000e+07, 2116.84821, tmax
6.95, 0.00, 0.5264, 0.0016, 8.3239e-01, 0.6550, 0.0003, 2.0148e+00, 8.8935e+06, 2026.63879, a>0.4R_H
7.05, 0.00, 0.3020, 0.0012, 1.3070e+00, 0.3004, 0.0001, 7.9367e-02, 1.0000e+07, 2239.57460, tmax
5.07, 0.00, 0.5957, 0.0002, 7.5989e-03, 1575.1459, 0.0007, -1.1384e+00, 5.4917e+05, 237.44577, a<0
6.65, 0.00, 0.5144, 0.0003, 6.5867e-01, 0.5477, 0.0003, 2.3378e+00, 5.9633e+06, 1443.10525, a>0.4R_H
7.14, 0.00, 0.2089, 0.0013, 1.2947e+00, 0.2094, 0.0006, 8.3611e-02, 1.0000e+07, 2220.58141, tmax
5.16, 0.00, 0.5932, 0.0001, 8.5732e-02, 0.9437, 0.0003, 1.1019e+01, 5.5242e+05, 230.79493, a>0.4R_H
4.61, 0.00, 0.3226, 0.0001, 8.7514e-01, 0.2579, 0.0005, 2.7475e+00, 6.7339e+05, 278.48929, collision
8.21, 0.00, 0.0049, 0.0002, 1.2477e+00, 0.1651, 0.0001, 9.7933e-02, 1.0000e+07, 2105.47306, tmax
7.83, 0.00, 0.0689, 0.0000, 1.2598e+00, 0.1381, 0.0002, 1.1778e-01, 1.0000e+07, 2131.05877, tmax
5.58, 0.00, 0.6984, 0.0006, -3.3030e-01, 0.5565, 0.0003, 1.0014e+00, 8.7147e+05, 330.15024, d<R_roche
3.69, 0.00, 0.3862, 0.0003, 5.7738e-01, 0.3105, 0.0015, 4.6012e+00, 1.6079e+05, 89.15376, collision
6.80, 0.00, 0.5946, 0.0004, 7.7152e-01, 0.6218, 0.0001, 2.2759e+00, 8.5367e+06, 1902.16139, a>0.4R_H
8.86, 0.00, 0.0002, 0.0002, 2.2398e-03, 0.0270, 0.0270, 1.7018e-01, 8.5381e+02, 0.50419, a>0.4R_H
5.82, 0.00, 0.6940, 0.0012, 2.1193e-02, 0.8551, 0.0001, 4.0743e+00, 1.6339e+06, 544.07864, a>0.4R_H
7.30, 0.00, 0.2508, 0.0009, 1.3091e+00, 0.2499, 0.0006, 5.5319e-02, 1.0000e+07, 2273.79227, tmax
7.44, 0.00, 0.1530, 0.0008, 1.2921e+00, 0.1344, 0.0006, 3.7295e-03, 1.0000e+07, 2225.76180, tmax
8.57, 0.00, 0.0003, 0.0001, 3.5671e-03, 0.2124, 0.0483, 2.1091e-01, 1.3661e+03, 0.80002, a>0.4R_H
7.43, 0.00, 0.1413, 0.0007, 1.2788e+00, 0.1423, 0.0005, 1.1844e-01, 1.0000e+07, 2206.42124, tmax
6.19, 0.00, 6438.4104, 0.0016, -1.1641e+00, 0.3013, 0.0002, -6.4633e-01, 5.9415e+06, 1430.55883, a<0
4.01, 0.00, 0.3077, 0.0002, -7.8556e+01, 0.3169, 0.0009, -4.8616e-01, 3.0011e+05, 148.73201, collision
6.24, 0.00, 0.5216, 0.0012, -5.5147e+01, 0.5914, 0.0003, -3.9505e-01, 2.7802e+06, 809.18204, collision
4.29, 0.00, 0.4730, 0.0006, 1.7030e+01, 0.7115, 0.0010, -4.2892e-01, 4.6806e+05, 210.47300, collision
4.64, 0.00, 0.3093, 0.0002, 8.0827e+00, 0.2773, 0.0003, -3.6838e-01, 7.2064e+05, 293.64241, collision
7.80, 0.00, 0.0677, 0.0000, 1.2532e+00, 0.1358, 0.0003, 7.3253e-02, 1.0000e+07, 2104.21787, tmax
8.83, 0.00, 0.0002, 0.0002, 2.2354e-03, 0.1091, 0.1091, 5.5067e-02, 8.5381e+02, 0.50122, a>0.4R_H
7.85, 0.00, 0.0748, 0.0000, 1.2601e+00, 0.1373, 0.0006, 1.2489e-01, 1.0000e+07, 2115.11191, tmax
8.38, 0.00, 0.0025, 0.0000, 1.2391e+00, 0.1892, 0.0006, 9.1047e-02, 1.0000e+07, 2127.28200, tmax
5.64, 0.00, 0.5494, 0.0001, 2.1219e-01, 2711.1668, 0.0001, -1.0723e+00, 1.1202e+06, 400.24883, a<0
6.15, 0.00, 0.7223, 0.0011, 1.6696e-01, 0.5019, 0.0005, 5.7046e-01, 2.3418e+06, 709.74742, d<R_roche
6.77, 0.00, 0.4846, 0.0002, 7.4489e-01, 0.5890, 0.0002, 2.1458e+00, 8.0552e+06, 1829.38806, a>0.4R_H
8.99, 0.00, 0.0002, 0.0002, 2.2378e-03, 67238.4668, 1.0000, -1.0018e+00, 8.5381e+02, 0.50149, a<0
8.43, 0.00, 0.0019, 0.0000, 1.2383e+00, 0.1945, 0.0003, 4.7178e-02, 1.0000e+07, 2121.53006, tmax
4.50, 0.00, 0.7054, 0.0001, 1.2397e+01, 0.5194, 0.0017, -7.9737e-01, 1.7927e+05, 94.87521, d<R_roche
6.82, 0.00, 0.3461, 0.0002, -1.5874e+01, 0.4384, 0.0001, -5.6514e-01, 8.9678e+06, 2013.51298, collision
4.73, 0.00, 0.3247, 0.0002, 9.0415e-01, 0.2561, 0.0002, 1.2588e+00, 7.4849e+05, 299.10084, collision
4.94, 0.00, 1778.7244, 0.0000, -1.4694e+00, 0.2456, 0.0000, -7.2399e-01, 9.5515e+05, 357.51772, a<0
5.44, 0.00, 0.3749, 0.0001, 1.4366e+00, 0.5480, 0.0002, 1.6772e+00, 1.0575e+06, 405.84892, collision
5.56, 0.00, 0.5827, 0.0004, 3.1026e-01, 0.8382, 0.0002, 5.8107e+00, 2.2656e+06, 684.32354, a>0.4R_H
6.03, 0.00, 0.4420, 0.0008, 4.7558e-01, 0.8246, 0.0001, 3.5533e+00, 2.9945e+06, 894.48639, a>0.4R_H
4.91, 0.00, 0.2443, 0.0001, 2.6195e+00, 0.2372, 0.0002, 1.2899e+00, 7.2438e+05, 277.96811, collision
7.38, 0.00, 0.1589, 0.0009, 1.2866e+00, 0.1583, 0.0003, 7.5583e-02, 1.0000e+07, 2234.57087, tmax
5.38, 0.00, 956.7091, 0.0001, -1.5421e+00, 0.6965, 0.0005, -6.4987e-01, 9.2017e+05, 352.38577, a<0
6.25, 0.00, 0.6177, 0.0015, 4.3320e-01, 80172.0743, 0.0002, -1.0073e+00, 3.2273e+06, 909.82930, a<0
4.41, 0.00, 0.5478, 0.0007, -3.1835e-02, 0.7460, 0.0010, 1.2166e+00, 1.7343e+05, 95.76935, d<R_roche
4.49, 0.00, 0.3090, 0.0003, 2.9523e+00, 0.2623, 0.0002, -3.6941e-02, 4.3102e+05, 187.20723, collision
3.58, 0.00, 0.2830, 0.0026, 4.0153e-01, 0.2689, 0.0023, 6.2555e+00, 1.0607e+05, 61.86728, collision
8.88, 0.00, 0.0004, 0.0004, 2.2362e-03, 0.3417, 0.3417, 1.9679e-01, 8.5381e+02, 0.50585, a>0.4R_H
3.74, 0.00, 0.2912, 0.0005, -6.6977e+00, 0.2767, 0.0002, -5.2828e-01, 1.4279e+05, 78.32749, collision
3.55, 0.00, 0.4003, 0.0037, -4.0441e-01, 0.2772, 0.0010, 3.8275e+00, 9.6310e+04, 56.57530, d<R_roche
8.56, 0.00, 0.0003, 0.0000, 9.6025e-03, 0.2133, 0.0056, 2.2219e-01, 3.6885e+03, 2.11392, a>0.4R_H
8.64, 0.00, 0.0002, 0.0001, 2.4155e-03, 0.1493, 0.1026, 1.4714e-01, 9.2212e+02, 0.54223, a>0.4R_H
3.84, 0.00, 0.4777, 0.0007, -1.3653e-01, 50.4334, 0.0013, -2.5506e+00, 1.7886e+05, 94.79788, a<0
7.41, 0.00, 0.1820, 0.0008, 1.2945e+00, 0.1720, 0.0002, 1.8539e-02, 1.0000e+07, 2235.03413, tmax
4.68, 0.00, 0.4897, 0.0004, 4.0003e-01, 0.5078, 0.0009, 1.1555e+01, 2.7937e+05, 139.36549, collision
5.42, 0.00, 0.3829, 0.0000, 8.2702e-01, 0.6197, 0.0004, -1.1421e+01, 1.7663e+06, 575.73421, collision
7.68, 0.00, 0.0698, 0.0004, 1.2530e+00, 0.1337, 0.0004, 1.1855e-01, 1.0000e+07, 2112.67370, tmax
3.95, 0.00, 0.3022, 0.0002, 1.1114e+00, 0.3460, 0.0003, 3.5193e-01, 2.5475e+05, 128.99773, collision
6.08, 0.00, 0.4109, 0.0010, -4.6432e+00, 0.5775, 0.0001, -4.2081e-01, 2.2489e+06, 685.53309, collision
5.71, 0.00, 0.5011, 0.0009, 2.8694e+01, 0.3891, 0.0003, 3.3794e-01, 1.2310e+06, 452.28879, collision
6.69, 0.00, 0.5251, 0.0008, 5.1024e-01, 53323.3101, 0.0004, -1.0081e+00, 6.8140e+06, 1586.25344, a<0
7.26, 0.00, 0.2504, 0.0010, 1.3268e+00, 0.2543, 0.0001, 7.5606e-02, 1.0000e+07, 2273.32941, tmax
7.16, 0.00, 0.2722, 0.0010, 1.3257e+00, 0.2660, 0.0003, 1.0431e-01, 1.0000e+07, 2254.25161, tmax
3.70, 0.00, 0.3270, 0.0007, 3.9893e-01, 0.2674, 0.0020, 9.3327e-01, 1.2608e+05, 70.31638, collision
8.03, 0.00, 0.0144, 0.0000, 1.2544e+00, 0.1510, 0.0002, 1.3099e-02, 1.0000e+07, 2090.55446, tmax
5.62, 0.00, 0.3322, 0.0006, 3.0095e+00, 0.3859, 0.0004, 1.6853e-03, 2.4357e+06, 732.09356, collision
8.76, 0.00, 0.0002, 0.0002, 2.2313e-03, 0.2999, 0.2999, 1.0960e-01, 8.5381e+02, 0.50166, a>0.4R_H
6.87, 0.00, 0.2567, 0.0012, 1.2714e+00, 0.2134, 0.0002, 8.3622e-02, 1.0000e+07, 2172.58376, tmax
6.55, 0.00, 0.6419, 0.0019, 6.4831e-01, 122601.4299, 0.0002, -1.0046e+00, 6.2201e+06, 1534.88587, a<0
7.42, 0.00, 0.1522, 0.0007, 1.2781e+00, 0.1529, 0.0006, 1.0608e-01, 1.0000e+07, 2208.97716, tmax
8.30, 0.00, 0.0036, 0.0001, 1.2412e+00, 0.1759, 0.0003, 1.1613e-01, 1.0000e+07, 2114.48272, tmax
5.17, 0.00, 0.3733, 0.0001, -2.8641e+01, 0.3391, 0.0004, -5.0784e-01, 5.9955e+05, 253.87744, collision
3.89, 0.00, 0.2852, 0.0003, 5.5935e-01, 0.2603, 0.0002, 1.6520e+00, 1.8766e+05, 98.25048, collision
8.07, 0.00, 0.0140, 0.0000, 1.2529e+00, 0.1530, 0.0002, 8.6341e-02, 1.0000e+07, 2097.30032, tmax
3.79, 0.00, 0.3026, 0.0006, 1.1047e-01, 0.3268, 0.0016, -3.0605e+00, 2.0168e+05, 107.76230, collision
4.95, 0.00, 0.3416, 0.0002, 2.7845e+00, 0.3062, 0.0006, 6.2400e-01, 3.2292e+05, 148.65617, collision
6.60, 0.00, 0.5793, 0.0011, 5.0338e-01, 23767.9702, 0.0005, -1.0136e+00, 2.9072e+06, 842.94483, a<0
4.03, 0.00, 0.5630, 0.0003, -4.8963e-01, 0.4891, 0.0002, 1.3235e+00, 2.5143e+05, 125.68745, d<R_roche
4.14, 0.00, 0.3749, 0.0001, 1.4967e+00, 0.3043, 0.0005, 1.2612e-01, 3.2904e+05, 157.86950, collision
8.93, 0.00, 0.0040, 0.0040, 2.0709e-03, 52538.6783, 1.0000, -1.0022e+00, 8.5381e+02, 0.50600, a<0
3.53, 0.00, 0.4631, 0.0017, -3.1737e-01, 1265.1598, 0.0020, -1.2212e+00, 9.2519e+04, 54.85052, a<0
3.99, 0.00, 0.6284, 0.0003, -5.4284e-01, 0.8136, 0.0008, 5.1123e+00, 2.8446e+05, 142.12352, d<R_roche
6.20, 0.00, 0.6368, 0.0012, 3.8790e-01, 350.1013, 0.0004, -1.2792e+00, 5.0264e+06, 1290.91854, a<0
7.23, 0.00, 0.4674, 0.0011, 9.3515e-01, 0.7367, 0.0003, 1.7897e+00, 9.5630e+06, 2188.75078, a>0.4R_H
7.34, 0.00, 0.2113, 0.0008, 1.3298e+00, 0.1761, 0.0004, 9.6975e-02, 1.0000e+07, 2282.86442, tmax
6.56, 0.00, 0.3309, 0.0018, -4.5645e+00, 0.3504, 0.0003, -6.5246e-01, 7.4915e+06, 1753.63259, collision
3.65, 0.00, 0.2929, 0.0009, 6.5166e+00, 0.3097, 0.0012, -2.8589e-01, 1.5288e+05, 85.56209, collision
5.48, 0.00, 0.4029, 0.0001, 1.7062e+00, 0.5281, 0.0006, 3.7221e+00, 1.0359e+06, 382.53894, collision
5.75, 0.00, 0.5560, 0.0008, -7.7066e+00, 0.6315, 0.0004, -5.9878e-01, 1.4323e+06, 488.67479, collision
8.10, 0.00, 0.0085, 0.0001, 1.2503e+00, 0.1562, 0.0004, 5.6285e-02, 1.0000e+07, 2097.70426, tmax
5.09, 0.00, 0.6193, 0.0002, -3.0993e-01, 0.5736, 0.0001, 1.4693e+00, 4.4310e+05, 194.54222, d<R_roche
3.92, 0.00, 0.2980, 0.0002, 8.2576e+00, 0.2986, 0.0006, -3.8812e-01, 2.1794e+05, 112.17768, collision
5.18, 0.00, 0.6312, 0.0002, -2.8540e-01, 0.6851, 0.0004, 2.0033e+00, 6.5481e+05, 274.54730, d<R_roche
8.05, 0.00, 0.0120, 0.0000, 1.2543e+00, 0.1506, 0.0005, 1.2154e-01, 1.0000e+07, 2096.53633, tmax
5.73, 0.00, 0.2603, 0.0001, 7.9047e-01, 0.2504, 0.0003, -2.3213e+00, 2.8406e+06, 813.93228, collision
3.72, 0.00, 0.3082, 0.0007, 1.6243e-01, 0.3111, 0.0005, -1.2927e+01, 1.7345e+05, 94.66104, collision
3.85, 0.00, 0.3087, 0.0002, 7.3772e-01, 0.3187, 0.0008, 3.6782e+00, 2.2899e+05, 119.67619, collision
7.54, 0.00, 0.0800, 0.0007, 1.2558e+00, 0.1280, 0.0001, 1.0222e-01, 1.0000e+07, 2132.76368, tmax
4.53, 0.00, 0.3411, 0.0001, 6.3761e+00, 0.3158, 0.0006, -2.6094e-01, 7.1144e+05, 296.78655, collision
5.60, 0.00, 0.5830, 0.0003, 2.8697e-01, 68520.7597, 0.0002, -1.0096e+00, 1.4235e+06, 505.42447, a<0
8.12, 0.00, 0.0135, 0.0002, 1.2481e+00, 0.1576, 0.0001, 4.3403e-02, 1.0000e+07, 2101.00768, tmax
6.91, 0.00, 0.1573, 0.0003, 1.2513e+00, 0.1945, 0.0002, 4.8425e-02, 1.0000e+07, 2136.02821, tmax
6.05, 0.00, 0.5577, 0.0010, 3.7640e-01, 79795.0744, 0.0002, -1.0080e+00, 2.5041e+06, 751.51553, a<0
8.04, 0.00, 0.0139, 0.0000, 1.2535e+00, 0.1524, 0.0002, 6.0731e-02, 1.0000e+07, 2090.26510, tmax
8.94, 0.00, 0.2216, 0.1183, 9.0476e-03, 0.9126, 0.6135, -2.8383e-02, 1.7418e+03, 1.04598, a>0.4R_H
9.00, 0.00, 0.0002, 0.0002, 2.2378e-03, 72288.2615, 1.0000, -1.0017e+00, 8.5381e+02, 0.51217, a<0
7.32, 0.00, 0.2320, 0.0009, 1.3294e+00, 0.2071, 0.0003, 2.0548e-02, 1.0000e+07, 2288.65748, tmax
8.32, 0.00, 0.0027, 0.0000, 1.2407e+00, 0.1766, 0.0004, 3.7762e-03, 1.0000e+07, 2111.67710, tmax
4.10, 0.00, 0.2974, 0.0002, 5.1568e-01, 0.2630, 0.0001, 2.6420e+00, 2.7704e+05, 135.06317, collision
4.75, 0.00, 0.3297, 0.0002, 1.4174e+01, 0.2705, 0.0004, -3.9619e-01, 8.0371e+05, 320.47713, collision
5.01, 0.00, 0.3426, 0.0002, -3.1700e+01, 0.2559, 0.0004, -3.9544e-01, 1.3291e+06, 475.73849, collision
8.89, 0.00, 0.0007, 0.0007, 2.2211e-03, 0.8138, 0.8138, 2.3631e-01, 8.5381e+02, 0.50148, a>0.4R_H
7.60, 0.00, 0.0456, 0.0006, 1.2480e+00, 0.1272, 0.0003, 7.0701e-02, 1.0000e+07, 2112.84969, tmax
6.74, 0.00, 0.3923, 0.0002, 1.9645e+00, 0.6012, 0.0004, -2.2442e+01, 6.2110e+06, 1567.88627, collision
8.14, 0.00, 0.0083, 0.0002, 1.2486e+00, 0.1569, 0.0002, 4.4206e-02, 1.0000e+07, 2108.78372, tmax
5.00, 0.00, 0.5298, 0.0002, 4.3220e-02, 0.7226, 0.0003, 5.0528e+00, 3.8367e+05, 174.65168, a>0.4R_H
7.51, 0.00, 0.1347, 0.0007, 1.2820e+00, 0.1243, 0.0001, 1.9657e-02, 1.0000e+07, 2206.42481, tmax
6.37, 0.00, 0.4405, 0.0018, 2.5825e+00, 0.5513, 0.0002, 5.7011e-01, 3.5807e+06, 976.20322, collision
7.18, 0.00, 0.1837, 0.0012, 1.3091e+00, 0.1836, 0.0001, -4.9042e-03, 1.0000e+07, 2242.28595, tmax
3.57, 0.00, 0.2985, 0.0010, 3.6614e-01, 0.2809, 0.0011, -2.9103e+00, 9.9448e+04, 57.87785, collision
6.97, 0.00, 0.0987, 0.0014, 1.2561e+00, 0.1288, 0.0002, 2.9911e-03, 1.0000e+07, 2139.73621, tmax
6.71, 0.00, 0.5769, 0.0007, 5.5433e-01, 41.7524, 0.0002, -1.5299e+00, 3.2715e+06, 914.14332, a<0
3.75, 0.00, 0.2999, 0.0006, 1.3823e-02, 0.3061, 0.0006, -5.1476e+00, 1.7769e+05, 96.24094, collision
8.44, 0.00, 0.0023, 0.0000, 1.2380e+00, 0.1956, 0.0002, 3.5289e-02, 1.0000e+07, 2120.89549, tmax
4.72, 0.00, 0.2915, 0.0001, 9.6768e-01, 0.2716, 0.0000, -3.9383e+02, 8.1753e+05, 324.79897, collision
6.58, 0.00, 0.7175, 0.0020, 5.0879e-01, 0.6447, 0.0005, 2.3705e+00, 5.5506e+06, 1369.82146, a>0.4R_H
8.33, 0.00, 0.0025, 0.0000, 1.2398e+00, 0.1786, 0.0002, 2.9239e-02, 1.0000e+07, 2122.48682, tmax
7.39, 0.00, 0.1649, 0.0008, 1.2985e+00, 0.1443, 0.0004, 9.6139e-02, 1.0000e+07, 2229.76590, tmax
8.02, 0.00, 0.0178, 0.0000, 1.2540e+00, 0.1464, 0.0004, 1.1198e-01, 1.0000e+07, 2097.77835, tmax
4.24, 0.00, 0.5280, 0.0027, -3.8427e-01, 0.3837, 0.0023, 1.5401e+00, 9.7608e+04, 58.19196, d<R_roche
6.49, 0.00, 0.3232, 0.0020, 5.0518e+00, 0.4538, 0.0004, -1.4278e-01, 5.8047e+06, 1455.15547, collision
4.81, 0.00, 0.5391, 0.0005, 8.4969e-02, 0.8891, 0.0007, 4.7867e+00, 3.5297e+05, 165.62773, a>0.4R_H
8.47, 0.00, 0.0016, 0.0000, 1.2382e+00, 0.2012, 0.0005, 8.0832e-02, 1.0000e+07, 2128.60045, tmax
3.87, 0.00, 0.3076, 0.0005, -2.1495e+01, 0.3152, 0.0003, -4.5585e-01, 2.2826e+05, 118.55499, collision
4.84, 0.00, 0.6469, 0.0001, 3.9456e-03, 0.5542, 0.0002, 1.5202e+00, 2.9651e+05, 142.12758, d<R_roche
5.65, 0.00, 0.3228, 0.0001, 1.1401e+00, 0.2022, 0.0004, -1.4977e+01, 3.7703e+06, 1067.67107, collision
5.34, 0.00, 0.4462, 0.0002, 5.7188e+00, 0.2489, 0.0001, -1.4218e-01, 1.0514e+06, 385.78316, collision
3.90, 0.00, 0.3602, 0.0003, 9.1255e-01, 0.3085, 0.0004, 1.7056e+00, 2.3292e+05, 120.03639, collision
7.52, 0.00, 0.1041, 0.0006, 1.2643e+00, 0.1272, 0.0001, 2.0474e-02, 1.0000e+07, 2159.34688, tmax
3.86, 0.00, 0.3159, 0.0005, 1.6006e-01, 0.2567, 0.0011, -5.6268e+00, 1.7727e+05, 93.61129, collision
8.84, 0.00, 0.0002, 0.0002, 2.2408e-03, 0.0822, 0.0822, -2.4289e-02, 8.5381e+02, 0.50254, a>0.4R_H
6.14, 0.00, 0.6604, 0.0014, 3.5621e-01, 0.7658, 0.0005, 4.8270e+00, 2.4661e+06, 728.48034, a>0.4R_H
4.58, 0.00, 0.3248, 0.0002, -1.8904e+01, 0.3130, 0.0007, -5.0353e-01, 5.5034e+05, 228.40132, collision
5.59, 0.00, 0.6268, 0.0008, 3.1734e-01, 0.5753, 0.0002, 3.6669e+00, 1.7009e+06, 575.29479, a>0.4R_H
8.22, 0.00, 0.0049, 0.0002, 1.2467e+00, 0.1653, 0.0001, 7.0295e-02, 1.0000e+07, 2103.23899, tmax
7.33, 0.00, 0.1881, 0.0009, 1.3238e+00, 0.1734, 0.0005, 1.0874e-01, 1.0000e+07, 2272.86211, tmax
6.16, 0.00, 0.6191, 0.0012, -5.3695e+00, 0.6406, 0.0000, -6.5217e-01, 2.0814e+06, 631.43049, collision
7.62, 0.00, 0.0821, 0.0003, 1.2577e+00, 0.1265, 0.0001, 1.0915e-01, 1.0000e+07, 2145.43950, tmax
6.63, 0.00, 0.6264, 0.0019, 6.3737e-01, 0.8379, 0.0002, 2.7305e+00, 5.9385e+06, 1440.91015, a>0.4R_H
5.15, 0.00, 0.6449, 0.0002, -2.8157e-02, 0.7906, 0.0005, -1.3783e+00, 5.2432e+05, 226.07977, collision
5.29, 0.00, 0.6663, 0.0003, -3.1620e-01, 0.6854, 0.0002, 4.4594e+00, 7.0481e+05, 287.26735, a>0.4R_H
5.72, 0.00, 0.3023, 0.0002, 9.3810e+00, 0.2612, 0.0001, -3.8714e-01, 2.5522e+06, 741.49384, collision
8.91, 0.00, 0.0004, 0.0004, 2.2378e-03, 43954.7312, 1.0000, -1.0026e+00, 8.5381e+02, 0.50203, a<0
5.96, 0.00, 0.6670, 0.0004, -5.1202e-02, 45641.5307, 0.0003, -1.0112e+00, 1.7830e+06, 569.79860, a<0
5.94, 0.00, 0.5119, 0.0010, 3.9279e-01, 0.6658, 0.0004, 3.3136e+00, 1.9605e+06, 627.04573, a>0.4R_H
6.18, 0.00, 0.4774, 0.0013, 4.1424e-01, 0.6367, 0.0001, 3.1476e+00, 2.3617e+06, 703.39439, a>0.4R_H
5.32, 0.00, 0.7033, 0.0002, 3.2654e-01, 0.3607, 0.0006, 9.3831e-01, 8.2731e+05, 324.19405, d<R_roche
6.99, 0.00, 0.2816, 0.0013, 1.2999e+00, 0.2761, 0.0002, 4.4970e-02, 1.0000e+07, 2246.16831, tmax
6.64, 0.00, 0.4740, 0.0003, 5.9895e-01, 40822.6244, 0.0001, -1.0100e+00, 5.3105e+06, 1302.47820, a<0
3.54, 0.00, 0.4078, 0.0022, -7.0056e+01, 0.3207, 0.0010, -4.9105e-01, 1.2895e+05, 74.55656, collision
3.60, 0.00, 0.5192, 0.0013, -4.2142e-01, 0.7787, 0.0018, 2.8663e+00, 1.3726e+05, 78.31935, d<R_roche
8.53, 0.00, 0.0020, 0.0000, 1.2383e+00, 0.2261, 0.0002, 7.4399e-02, 1.0000e+07, 2119.13813, tmax
8.28, 0.00, 0.0031, 0.0001, 1.2448e+00, 0.1706, 0.0003, 1.4790e-01, 1.0000e+07, 2109.02543, tmax
6.41, 0.00, 0.6693, 0.0016, 5.8241e-01, 0.7569, 0.0003, 2.6081e+00, 4.7900e+06, 1241.16728, a>0.4R_H
3.52, 0.00, 0.3049, 0.0034, 7.1756e+00, 0.2689, 0.0021, -4.4186e-01, 9.2689e+04, 54.72092, collision
4.31, 0.00, 0.5309, 0.0010, -4.7055e-01, 0.5734, 0.0004, 1.0649e+00, 1.1120e+05, 62.97856, d<R_roche
6.81, 0.00, 0.6047, 0.0009, 7.3523e-01, 0.6252, 0.0006, 2.1581e+00, 8.0253e+06, 1800.88073, a>0.4R_H
4.11, 0.00, 0.3039, 0.0001, -3.4967e+00, 0.3121, 0.0007, -3.7870e-01, 3.4277e+05, 165.14250, collision
4.00, 0.00, 0.5682, 0.0001, -8.5991e-02, 0.8414, 0.0004, 4.1283e+00, 2.4122e+05, 122.09684, d<R_roche
7.64, 0.00, 0.0793, 0.0006, 1.2551e+00, 0.1293, 0.0004, 1.0170e-01, 1.0000e+07, 2138.25348, tmax
7.37, 0.00, 0.1823, 0.0007, 1.3101e+00, 0.1614, 0.0003, 3.6915e-02, 1.0000e+07, 2268.01103, tmax
8.54, 0.00, 0.0020, 0.0000, 1.2387e+00, 0.2204, 0.0004, 8.7595e-02, 1.0000e+07, 2118.97637, tmax
5.53, 0.00, 0.4388, 0.0001, 1.8479e+00, 0.5058, 0.0007, 5.9161e-01, 2.0292e+06, 644.23857, collision
5.84, 0.00, 0.2640, 0.0004, 4.0060e+00, 0.2628, 0.0010, -8.8395e-02, 3.9233e+06, 1076.64188, collision
3.82, 0.00, 0.2984, 0.0002, 1.6597e+00, 0.3007, 0.0006, -1.0823e-01, 2.1037e+05, 111.37714, collision
8.08, 0.00, 0.0113, 0.0001, 1.2532e+00, 0.1549, 0.0004, 1.2945e-01, 1.0000e+07, 2094.25403, tmax
4.70, 0.00, 0.5158, 0.0001, -7.3239e-03, 46140.3477, 0.0005, -1.0176e+00, 2.6991e+05, 131.97491, a<0
3.61, 0.00, 0.2982, 0.0008, 6.1166e-01, 0.3236, 0.0015, 5.5229e-01, 1.4523e+05, 82.02644, collision
5.24, 0.00, 0.3342, 0.0000, 2.2692e+00, 0.3223, 0.0005, -7.9605e+00, 5.6910e+05, 238.10115, collision
5.14, 0.00, 0.5258, 0.0000, 6.0490e-02, 42245.9372, 0.0001, -1.0159e+00, 5.4166e+05, 229.13147, a<0
4.52, 0.00, 0.5443, 0.0003, -7.7325e-01, 0.7252, 0.0010, 1.3557e+00, 1.5039e+05, 78.44189, collision
4.16, 0.00, 0.2903, 0.0004, 2.1573e+00, 0.2730, 0.0006, -1.6744e-01, 3.1694e+05, 152.12915, collision
7.24, 0.00, 0.1972, 0.0011, 1.3163e+00, 0.1932, 0.0001, 5.2011e-02, 1.0000e+07, 2266.31217, tmax
7.35, 0.00, 0.1790, 0.0009, 1.3169e+00, 0.1588, 0.0002, 2.0419e-03, 1.0000e+07, 2265.26102, tmax
6.96, 0.00, 0.1016, 0.0015, 1.2559e+00, 0.1208, 0.0002, 1.7130e-02, 1.0000e+07, 2150.57101, tmax
5.77, 0.00, 0.6440, 0.0006, 2.4074e-01, 33839.3756, 0.0002, -1.0141e+00, 2.1518e+06, 651.49162, a<0
7.27, 0.00, 0.2512, 0.0011, 1.3375e+00, 0.2675, 0.0002, 7.5403e-02, 1.0000e+07, 2272.44771, tmax
6.02, 0.00, 0.5565, 0.0013, 3.7675e-01, 5181.4326, 0.0001, -1.0507e+00, 3.7426e+06, 1042.12702, a<0
6.30, 0.00, 0.3455, 0.0016, 7.0997e+00, 0.4205, 0.0003, -9.8380e-02, 5.7955e+06, 1438.95837, collision
6.26, 0.00, 0.5306, 0.0014, 5.3923e-01, 0.7851, 0.0001, 2.7493e+00, 3.7163e+06, 1027.18834, a>0.4R_H
7.50, 0.00, 0.1366, 0.0007, 1.2795e+00, 0.1231, 0.0004, 1.5715e-03, 1.0000e+07, 2199.35682, tmax
5.08, 0.00, 0.6326, 0.0003, 1.9428e-01, 44763.3183, 0.0010, -1.0154e+00, 8.4664e+05, 398.84973, a<0
6.76, 0.00, 0.4838, 0.0002, 5.8199e-01, 0.8937, 0.0002, 3.6694e+00, 4.0315e+06, 1094.63932, a>0.4R_H
5.88, 0.00, 0.5123, 0.0012, 2.9691e-01, 74437.1575, 0.0001, -1.0084e+00, 1.4452e+06, 488.23972, a<0
5.98, 0.00, 0.6076, 0.0001, 3.2020e-01, 0.7954, 0.0003, 3.4284e+00, 1.6647e+06, 539.38457, a>0.4R_H
4.28, 0.00, 0.8187, 0.0009, -2.4037e+00, 0.4657, 0.0007, -6.2601e-01, 3.8499e+05, 177.05840, collision
7.72, 0.00, 0.0186, 0.0000, 1.2472e+00, 0.1329, 0.0004, 7.5878e-02, 1.0000e+07, 2107.50599, tmax
4.76, 0.00, 0.5496, 0.0002, -5.6758e-01, 0.6706, 0.0004, 1.4109e+00, 3.3596e+05, 160.41074, d<R_roche
7.84, 0.00, 0.0861, 0.0000, 1.2621e+00, 0.1383, 0.0004, 2.8110e-02, 1.0000e+07, 2130.55880, tmax
6.88, 0.00, 0.2438, 0.0004, 1.2575e+00, 0.2273, 0.0001, -4.7789e-03, 1.0000e+07, 2163.77408, tmax
3.51, 0.00, 0.3221, 0.0027, 3.4797e-01, 0.3118, 0.0013, 3.0190e+00, 1.1823e+05, 69.47866, collision
6.78, 0.00, 0.5030, 0.0002, 8.0356e-01, 0.7168, 0.0002, 2.2751e+00, 8.9586e+06, 1990.21534, a>0.4R_H
4.22, 0.00, 0.5006, 0.0013, -1.9991e-02, 0.8152, 0.0049, 3.4890e+00, 1.7636e+05, 95.49291, d<R_roche
4.12, 0.00, 0.3150, 0.0005, 5.9658e-01, 0.3109, 0.0007, 1.6371e+00, 3.1737e+05, 153.27325, collision
6.38, 0.00, 0.4790, 0.0016, 8.6963e-01, 0.4475, 0.0007, -2.2158e+00, 1.7817e+06, 597.17640, collision
7.66, 0.00, 0.0711, 0.0000, 1.2533e+00, 0.1309, 0.0001, 1.0401e-01, 1.0000e+07, 2124.98843, tmax
3.56, 0.00, 0.5632, 0.0023, -2.4671e-01, 0.8776, 0.0012, 1.6509e+00, 1.2705e+05, 73.72352, d<R_roche
7.73, 0.00, 0.0234, 0.0000, 1.2489e+00, 0.1329, 0.0005, 5.4228e-04, 1.0000e+07, 2107.39000, tmax
3.64, 0.00, 0.3341, 0.0007, 2.9423e-01, 0.2676, 0.0017, 1.2536e+01, 1.1609e+05, 65.95374, collision
4.36, 0.00, 0.3544, 0.0006, -7.9628e-02, 0.3216, 0.0010, -5.5412e+00, 1.3844e+05, 77.57593, collision
6.94, 0.00, 0.7099, 0.0016, 6.3970e-01, 0.7706, 0.0004, 1.2494e+01, 6.5479e+06, 1590.75006, a>0.4R_H
6.93, 0.00, 0.0823, 0.0012, 1.2492e+00, 0.1221, 0.0004, 4.2019e-02, 1.0000e+07, 2135.52123, tmax
4.89, 0.00, 0.4926, 0.0003, 1.0940e-01, 0.7329, 0.0002, -2.6601e+00, 7.9036e+05, 298.96981, collision
4.99, 0.00, 0.5471, 0.0001, 2.7598e-02, 1845.0710, 0.0004, -1.1268e+00, 4.2196e+05, 191.70871, a<0
8.15, 0.00, 0.0092, 0.0002, 1.2473e+00, 0.1589, 0.0001, 1.7682e-02, 1.0000e+07, 2111.20521, tmax
8.92, 0.00, 0.0005, 0.0005, 2.2401e-03, 48695.3388, 1.0000, -1.0024e+00, 8.5381e+02, 0.50212, a<0
6.62, 0.00, 0.6094, 0.0011, 7.0914e-01, 67309.3790, 0.0003, -1.0067e+00, 9.2232e+06, 2059.50367, a<0
5.68, 0.00, 0.5239, 0.0001, 3.1724e-01, 20749.1558, 0.0006, -1.0217e+00, 1.4271e+06, 507.55253, a<0
6.35, 0.00, 0.3453, 0.0019, 3.1322e-01, 0.4753, 0.0002, -1.4756e+00, 3.3376e+06, 913.51462, collision
6.52, 0.00, 0.4086, 0.0003, 2.7847e+00, 0.3560, 0.0005, 6.8116e-01, 4.3756e+06, 1133.31229, collision
4.63, 0.00, 0.5614, 0.0002, -1.2610e-02, 0.8077, 0.0008, 3.3523e+00, 2.4412e+05, 119.49712, d<R_roche
8.20, 0.00, 0.0051, 0.0002, 1.2497e+00, 0.1612, 0.0005, 4.5924e-04, 1.0000e+07, 2105.26552, tmax
8.41, 0.00, 0.0021, 0.0000, 1.2391e+00, 0.1960, 0.0007, 1.5581e-01, 1.0000e+07, 2137.70200, tmax
7.01, 0.00, 0.1149, 0.0015, 1.2553e+00, 0.1448, 0.0004, 8.9844e-02, 1.0000e+07, 2172.80837, tmax
4.80, 0.00, 0.6139, 0.0003, -1.9671e-01, 0.9122, 0.0002, 5.1748e+00, 2.8070e+05, 136.10721, a>0.4R_H
5.83, 0.00, 0.5512, 0.0002, 2.9624e-01, 76583.8519, 0.0003, -1.0087e+00, 1.6928e+06, 554.08045, a<0
4.18, 0.00, 0.3144, 0.0002, 8.3056e+00, 0.3070, 0.0008, -2.6973e-01, 3.6362e+05, 172.96287, collision
5.55, 0.00, 0.5813, 0.0000, 1.7745e-01, 740.1604, 0.0006, -1.1767e+00, 9.7741e+05, 365.46005, a<0
5.45, 0.00, 0.6016, 0.0002, 1.9655e-01, 14247.8830, 0.0003, -1.0281e+00, 1.7072e+06, 541.92683, a<0
7.63, 0.00, 0.0821, 0.0005, 1.2574e+00, 0.1284, 0.0004, 1.1676e-02, 1.0000e+07, 2136.56603, tmax
7.88, 0.00, 0.0643, 0.0000, 1.2578e+00, 0.1427, 0.0007, 2.5621e-02, 1.0000e+07, 2117.89607, tmax
5.39, 0.00, 0.6013, 0.0001, 1.5155e-01, 87528.5208, 0.0006, -1.0090e+00, 8.0303e+05, 321.34729, a<0
7.96, 0.00, 0.0218, 0.0000, 1.2527e+00, 0.1416, 0.0007, 9.7385e-02, 1.0000e+07, 2093.47338, tmax
7.08, 0.00, 0.1172, 0.0011, 1.2610e+00, 0.1394, 0.0002, 5.3359e-02, 1.0000e+07, 2160.75623, tmax
5.52, 0.00, 0.5797, 0.0002, 3.1493e-01, 0.6554, 0.0002, -1.8495e+00, 6.7660e+05, 263.03791, collision
5.61, 0.00, 0.4016, 0.0005, 3.5322e+00, 0.4781, 0.0006, -2.6341e-01, 9.1653e+05, 345.53762, collision
5.69, 0.00, 0.5256, 0.0001, -7.7769e-01, 0.8688, 0.0002, -1.0627e+00, 1.7078e+06, 563.14701, collision
6.67, 0.00, 0.6103, 0.0020, 6.0224e-01, 83313.1005, 0.0003, -1.0062e+00, 5.9905e+06, 1436.16618, a<0
6.43, 0.00, 0.5313, 0.0006, 4.9911e-01, 400.3872, 0.0002, -1.1749e+00, 4.1484e+06, 1098.58240, a<0
5.49, 0.00, 0.4598, 0.0002, 2.9672e-01, 140.1465, 0.0000, -1.3826e+00, 1.2289e+06, 455.04080, a<0
7.22, 0.00, 0.6092, 0.0010, 9.2987e-01, 0.6798, 0.0007, 1.6363e+00, 9.3658e+06, 2155.48078, a>0.4R_H
6.33, 0.00, 0.7072, 0.0017, 5.0683e-01, 0.7320, 0.0003, 3.3236e+00, 4.2442e+06, 1142.96842, a>0.4R_H
7.77, 0.00, 0.1073, 0.0001, 1.2716e+00, 0.1361, 0.0005, 5.9095e-02, 1.0000e+07, 2168.47896, tmax
8.55, 0.00, 0.0017, 0.0000, 1.2391e+00, 0.2280, 0.0003, 1.7122e-01, 1.0000e+07, 2120.78695, tmax
7.48, 0.00, 0.0407, 0.0003, 1.2444e+00, 0.1226, 0.0000, 5.4401e-02, 1.0000e+07, 2129.95165, tmax
6.61, 0.00, 0.7235, 0.0020, 6.2189e-01, 0.5629, 0.0002, -1.8651e+00, 5.0075e+06, 1239.19701, collision
7.36, 0.00, 0.1785, 0.0008, 1.3090e+00, 0.1688, 0.0002, 9.4472e-02, 1.0000e+07, 2261.58608, tmax
7.87, 0.00, 0.0673, 0.0000, 1.2569e+00, 0.1388, 0.0001, 1.0121e-01, 1.0000e+07, 2109.52139, tmax
8.23, 0.00, 0.0046, 0.0001, 1.2485e+00, 0.1630, 0.0005, 2.6458e-02, 1.0000e+07, 2109.78005, tmax
6.54, 0.00, 0.3781, 0.0020, -2.9011e+00, 0.3101, 0.0004, -4.3002e-01, 6.3648e+06, 1532.45320, collision
6.36, 0.00, 0.6275, 0.0009, 4.9549e-01, 12565.7921, 0.0002, -1.0240e+00, 3.4170e+06, 939.75497, a<0
7.06, 0.00, 0.1175, 0.0014, 1.2671e+00, 0.1426, 0.0001, 3.2066e-03, 1.0000e+07, 2159.58101, tmax
6.72, 0.00, 0.6321, 0.0009, 7.6663e-01, 0.6922, 0.0002, 2.2581e+00, 8.0015e+06, 1843.17020, a>0.4R_H
8.37, 0.00, 0.0024, 0.0001, 1.2387e+00, 0.1836, 0.0005, 8.3738e-02, 1.0000e+07, 2118.03960, tmax
7.07, 0.00, 0.1193, 0.0013, 1.2684e+00, 0.1529, 0.0003, 9.4630e-02, 1.0000e+07, 2175.72191, tmax
7.89, 0.00, 0.0631, 0.0000, 1.2594e+00, 0.1371, 0.0006, 1.1267e-01, 1.0000e+07, 2121.54838, tmax
7.65, 0.00, 0.0560, 0.0001, 1.2497e+00, 0.1320, 0.0001, 3.9851e-02, 1.0000e+07, 2111.73474, tmax
7.28, 0.00, 0.2263, 0.0009, 1.3231e+00, 0.2323, 0.0002, 4.1041e-02, 1.0000e+07, 2263.98196, tmax
6.73, 0.00, 0.3960, 0.0002, -4.8566e+01, 0.6651, 0.0002, -1.8078e+00, 6.7830e+06, 1580.52491, collision
7.17, 0.00, 0.4095, 0.0013, 8.2337e-01, 0.7891, 0.0003, 2.6315e+00, 7.7609e+06, 1845.16653, a>0.4R_H
7.25, 0.00, 0.2478, 0.0009, 1.3258e+00, 0.2429, 0.0005, 2.7861e-02, 1.0000e+07, 2274.09228, tmax
7.82, 0.00, 0.1051, 0.0000, 1.2691e+00, 0.1383, 0.0004, 8.8944e-02, 1.0000e+07, 2163.98789, tmax
7.95, 0.00, 0.0328, 0.0000, 1.2536e+00, 0.1449, 0.0006, 2.1636e-02, 1.0000e+07, 2095.04947, tmax
8.24, 0.00, 0.0049, 0.0001, 1.2463e+00, 0.1630, 0.0001, 9.8271e-03, 1.0000e+07, 2105.50894, tmax
7.92, 0.00, 0.0442, 0.0001, 1.2551e+00, 0.1429, 0.0002, 2.3249e-02, 1.0000e+07, 2105.57467, tmax
7.61, 0.00, 0.0884, 0.0005, 1.2571e+00, 0.1300, 0.0001, 3.3209e-02, 1.0000e+07, 2143.71366, tmax
6.59, 0.00, 0.5504, 0.0016, 6.3479e-01, 28806.4718, 0.0004, -1.0135e+00, 5.7820e+06, 1429.71869, a<0
6.22, 0.00, 0.4294, 0.0014, 6.6771e-01, 0.4727, 0.0004, -1.5727e+00, 5.3246e+06, 1338.03678, collision
6.79, 0.00, 0.5253, 0.0002, 7.6025e-01, 0.6847, 0.0003, 2.2160e+00, 8.4522e+06, 1904.66385, a>0.4R_H
7.59, 0.00, 0.0927, 0.0006, 1.2593e+00, 0.1264, 0.0004, 9.6226e-02, 1.0000e+07, 2161.87126, tmax
7.11, 0.00, 0.1306, 0.0012, 1.2762e+00, 0.1563, 0.0002, -6.3115e-04, 1.0000e+07, 2184.74404, tmax
8.16, 0.00, 0.0087, 0.0002, 1.2487e+00, 0.1594, 0.0002, 1.2012e-03, 1.0000e+07, 2104.63810, tmax
6.75, 0.00, 0.2682, 0.0003, 1.2757e+00, 0.2453, 0.0004, 4.8206e-02, 1.0000e+07, 2198.64804, tmax
8.26, 0.00, 0.0035, 0.0001, 1.2462e+00, 0.1702, 0.0007, 1.3292e-01, 1.0000e+07, 2106.89604, tmax
8.48, 0.00, 0.0021, 0.0000, 1.2382e+00, 0.2037, 0.0003, 1.0127e-01, 1.0000e+07, 2117.18038, tmax
8.19, 0.00, 0.0059, 0.0002, 1.2483e+00, 0.1623, 0.0002, 1.2922e-01, 1.0000e+07, 2110.77059, tmax
7.90, 0.00, 0.0477, 0.0000, 1.2557e+00, 0.1425, 0.0002, 1.5493e-02, 1.0000e+07, 2105.00326, tmax
7.21, 0.00, 0.5443, 0.0012, 9.1601e-01, 0.7073, 0.0008, 1.9031e+00, 9.8337e+06, 2230.30221, a>0.4R_H
8.552, 0.00, 0.0003, 0.0001, 2.8726e-03, 0.2250, 0.0423, 2.2345e-01, 1.0929e+03, 2.18974, a>0.4R_H
8.553, 0.00, 0.0003, 0.0000, 1.0758e-02, 0.2268, 0.0090, 2.2400e-01, 4.1325e+03, 8.08153, a>0.4R_H
8.554, 0.00, 0.0003, 0.0000, 1.0225e-02, 0.2213, 0.0122, 2.2254e-01, 3.9275e+03, 8.58650, a>0.4R_H
8.556, 0.00, 0.0003, 0.0000, 1.5862e-02, 0.1973, 0.0118, 2.1953e-01, 6.1816e+03, 12.88928, a>0.4R_H
8.555, 0.00, 0.0003, 0.0000, 1.5721e-02, 0.2232, 0.0106, 2.2257e-01, 6.1133e+03, 13.05150, a>0.4R_H
8.558, 0.00, 0.0003, 0.0001, 1.3846e-02, 0.2060, 0.0082, 2.1782e-01, 5.3620e+03, 10.96319, a>0.4R_H
8.560, 0.00, 0.0003, 0.0000, 9.6021e-03, 0.2123, 0.0036, 2.2168e-01, 3.6885e+03, 7.12211, a>0.4R_H
8.564, 0.00, 0.0003, 0.0001, 3.9581e-03, 0.1856, 0.0255, 2.1585e-01, 1.5027e+03, 2.97434, a>0.4R_H
8.563, 0.00, 0.0003, 0.0000, 7.9367e-03, 0.2123, 0.0164, 2.1444e-01, 3.0396e+03, 5.95214, a>0.4R_H
8.559, 0.00, 0.0003, 0.0000, 1.5135e-02, 0.2170, 0.0080, 2.2168e-01, 5.8742e+03, 11.31215, a>0.4R_H
8.565, 0.00, 0.0003, 0.0000, 3.9596e-03, 0.1831, 0.0175, 2.1243e-01, 1.5027e+03, 3.22156, a>0.4R_H
8.561, 0.00, 0.0003, 0.0000, 1.5556e-02, 0.2238, 0.0087, 2.2304e-01, 6.0450e+03, 12.27928, a>0.4R_H
8.567, 0.00, 0.0003, 0.0000, 6.8652e-03, 0.1852, 0.0077, 2.1134e-01, 2.6298e+03, 5.84112, a>0.4R_H
8.562, 0.00, 0.0003, 0.0000, 1.5719e-02, 0.2326, 0.0067, 2.2291e-01, 6.1133e+03, 12.43428, a>0.4R_H
8.557, 0.00, 0.0003, 0.0000, 3.4320e-02, 0.2208, 0.0041, 2.1944e-01, 1.4003e+04, 27.60725, a>0.4R_H
8.570, 0.00, 0.0003, 0.0001, 3.5670e-03, 0.2117, 0.0474, 2.1108e-01, 1.3661e+03, 2.72536, a>0.4R_H
8.571, 0.00, 0.0003, 0.0001, 3.5665e-03, 0.2119, 0.0532, 2.1089e-01, 1.3661e+03, 2.68640, a>0.4R_H
8.566, 0.00, 0.0003, 0.0000, 1.3844e-02, 0.2142, 0.0033, 2.1266e-01, 5.3620e+03, 11.05189, a>0.4R_H
8.568, 0.00, 0.0003, 0.0000, 1.0566e-02, 0.2214, 0.0089, 2.1276e-01, 4.0642e+03, 8.27883, a>0.4R_H
8.569, 0.00, 0.0003, 0.0000, 7.8468e-03, 0.2361, 0.0183, 2.2273e-01, 3.0054e+03, 5.88291, a>0.4R_H
8.574, 0.00, 0.0003, 0.0000, 4.5698e-03, 0.2356, 0.0182, 2.0792e-01, 1.7418e+03, 3.39243, a>0.4R_H
8.575, 0.00, 0.0003, 0.0001, 2.3175e-03, 0.1208, 0.0585, 2.1055e-01, 8.8797e+02, 1.74649, a>0.4R_H
8.576, 0.00, 0.0003, 0.0001, 2.3172e-03, 0.1241, 0.0536, 2.1677e-01, 8.8797e+02, 1.73714, a>0.4R_H
8.577, 0.00, 0.0003, 0.0001, 2.3165e-03, 0.1249, 0.0488, 2.1907e-01, 8.8797e+02, 1.73830, a>0.4R_H
8.573, 0.00, 0.0003, 0.0000, 6.7806e-03, 0.2133, 0.0287, 2.1404e-01, 2.5956e+03, 5.02621, a>0.4R_H
8.578, 0.00, 0.0003, 0.0001, 2.3155e-03, 0.1232, 0.0455, 2.1722e-01, 8.8797e+02, 1.75721, a>0.4R_H
8.579, 0.00, 0.0003, 0.0001, 2.3142e-03, 0.1193, 0.0450, 2.1128e-01, 8.8797e+02, 1.77951, a>0.4R_H
8.580, 0.00, 0.0003, 0.0001, 2.3128e-03, 0.1135, 0.0479, 2.0155e-01, 8.8797e+02, 1.76358, a>0.4R_H
8.572, 0.00, 0.0003, 0.0000, 9.6018e-03, 0.2293, 0.0107, 2.2138e-01, 3.6885e+03, 7.15297, a>0.4R_H
8.583, 0.00, 0.0003, 0.0001, 2.6055e-03, 0.1111, 0.0681, 2.0339e-01, 9.9043e+02, 1.95319, a>0.4R_H
8.584, 0.00, 0.0003, 0.0001, 2.6057e-03, 0.1133, 0.0747, 2.1093e-01, 9.9043e+02, 1.96068, a>0.4R_H
8.585, 0.00, 0.0003, 0.0001, 2.6055e-03, 0.1152, 0.0797, 2.1422e-01, 9.9043e+02, 1.97380, a>0.4R_H
8.581, 0.00, 0.0003, 0.0000, 4.0178e-03, 0.1791, 0.0209, 2.0369e-01, 1.5369e+03, 3.07882, a>0.4R_H
8.586, 0.00, 0.0003, 0.0001, 2.6049e-03, 0.1162, 0.0828, 2.1273e-01, 9.9043e+02, 2.11317, a>0.4R_H
8.587, 0.00, 0.0003, 0.0001, 2.6039e-03, 0.1160, 0.0838, 2.0629e-01, 9.9043e+02, 2.33972, a>0.4R_H
8.588, 0.00, 0.0003, 0.0001, 2.6025e-03, 0.1266, 0.0825, 1.9506e-01, 9.9043e+02, 2.11823, a>0.4R_H
8.589, 0.00, 0.0003, 0.0001, 2.8682e-03, 0.2272, 0.0789, 2.0249e-01, 1.0929e+03, 2.45800, a>0.4R_H
8.590, 0.00, 0.0003, 0.0001, 2.8710e-03, 0.2387, 0.0733, 2.2067e-01, 1.0929e+03, 2.39155, a>0.4R_H
8.591, 0.00, 0.0003, 0.0001, 2.8724e-03, 0.2452, 0.0655, 2.3060e-01, 1.0929e+03, 2.58735, a>0.4R_H
8.594, 0.00, 0.0002, 0.0001, 2.8662e-03, 0.2294, 0.0274, 2.0140e-01, 1.0929e+03, 1.94435, a>0.4R_H
8.593, 0.00, 0.0003, 0.0001, 2.8696e-03, 0.2400, 0.0390, 2.2021e-01, 1.0929e+03, 2.38387, a>0.4R_H
8.592, 0.00, 0.0003, 0.0001, 2.8719e-03, 0.2457, 0.0522, 2.3049e-01, 1.0929e+03, 2.64704, a>0.4R_H
8.582, 0.00, 0.0003, 0.0000, 9.3639e-03, 0.2046, 0.0259, 1.9688e-01, 3.5860e+03, 7.38744, a>0.4R_H
8.595, 0.00, 0.0002, 0.0001, 3.1129e-03, 0.2155, 0.0202, 1.8724e-01, 1.1953e+03, 2.53627, a>0.4R_H
8.596, 0.00, 0.0002, 0.0001, 3.1143e-03, 0.2006, 0.0164, 2.0080e-01, 1.1953e+03, 2.75772, a>0.4R_H
8.597, 0.00, 0.0003, 0.0001, 3.1153e-03, 0.1869, 0.0133, 2.0846e-01, 1.1953e+03, 2.52132, a>0.4R_H
8.601, 0.00, 0.0002, 0.0002, 2.2371e-03, 0.0372, 0.0372, 1.8748e-01, 8.5381e+02, 1.79420, a>0.4R_H
8.599, 0.00, 0.0003, 0.0000, 3.1161e-03, 0.1685, 0.0251, 2.0543e-01, 1.1953e+03, 2.48834, a>0.4R_H
8.598, 0.00, 0.0003, 0.0000, 3.1159e-03, 0.1759, 0.0179, 2.0992e-01, 1.1953e+03, 2.61520, a>0.4R_H
8.600, 0.00, 0.0003, 0.0000, 3.1158e-03, 0.1644, 0.0278, 1.9575e-01, 1.1953e+03, 2.55741, a>0.4R_H
8.602, 0.00, 0.0002, 0.0002, 2.2381e-03, 0.0408, 0.0408, 1.9675e-01, 8.5381e+02, 1.67297, a>0.4R_H
8.604, 0.00, 0.0002, 0.0002, 2.2399e-03, 0.0420, 0.0420, 2.0638e-01, 8.5381e+02, 1.68970, a>0.4R_H
8.603, 0.00, 0.0002, 0.0002, 2.2390e-03, 0.0424, 0.0424, 2.0308e-01, 8.5381e+02, 1.72247, a>0.4R_H
8.606, 0.00, 0.0002, 0.0002, 2.2412e-03, 0.0353, 0.0353, 2.0422e-01, 8.5381e+02, 1.67951, a>0.4R_H
8.605, 0.00, 0.0002, 0.0002, 2.2406e-03, 0.0395, 0.0395, 2.0670e-01, 8.5381e+02, 1.69026, a>0.4R_H
8.607, 0.00, 0.0002, 0.0002, 2.2415e-03, 0.0295, 0.0295, 1.9921e-01, 8.5381e+02, 1.68250, a>0.4R_H
8.608, 0.00, 0.0002, 0.0002, 2.2417e-03, 0.0227, 0.0227, 1.9206e-01, 8.5381e+02, 1.66225, a>0.4R_H
8.609, 0.00, 0.0002, 0.0002, 2.2418e-03, 0.0164, 0.0164, 1.8317e-01, 8.5381e+02, 1.68667, a>0.4R_H
8.610, 0.00, 0.0002, 0.0002, 2.2417e-03, 0.0140, 0.0140, 1.7301e-01, 8.5381e+02, 1.69381, a>0.4R_H
8.612, 0.00, 0.0002, 0.0001, 2.4943e-03, 0.1678, 0.0280, 2.0283e-01, 9.5627e+02, 1.87843, a>0.4R_H
8.611, 0.00, 0.0002, 0.0001, 2.4943e-03, 0.1748, 0.0189, 2.1232e-01, 9.5627e+02, 1.90821, a>0.4R_H
8.613, 0.00, 0.0002, 0.0001, 2.4936e-03, 0.1609, 0.0386, 1.8984e-01, 9.5627e+02, 1.86969, a>0.4R_H
8.614, 0.00, 0.0002, 0.0001, 2.4923e-03, 0.1714, 0.0497, 1.7462e-01, 9.5627e+02, 1.90980, a>0.4R_H
8.615, 0.00, 0.0002, 0.0001, 2.7736e-03, 0.1804, 0.0305, 1.8712e-01, 1.0587e+03, 2.09813, a>0.4R_H
8.616, 0.00, 0.0002, 0.0001, 2.7731e-03, 0.1875, 0.0427, 1.7497e-01, 1.0587e+03, 2.06527, a>0.4R_H
8.617, 0.00, 0.0002, 0.0001, 3.0403e-03, 0.1925, 0.0498, 1.7021e-01, 1.1612e+03, 2.29513, a>0.4R_H
8.618, 0.00, 0.0002, 0.0001, 3.0415e-03, 0.1952, 0.0459, 1.7399e-01, 1.1612e+03, 2.29930, a>0.4R_H
8.619, 0.00, 0.0002, 0.0001, 3.0426e-03, 0.1955, 0.0431, 1.7451e-01, 1.1612e+03, 2.27360, a>0.4R_H
8.620, 0.00, 0.0002, 0.0001, 3.0438e-03, 0.1934, 0.0424, 1.7233e-01, 1.1612e+03, 2.28140, a>0.4R_H
8.621, 0.00, 0.0002, 0.0001, 2.3139e-03, 0.1116, 0.0440, 1.6405e-01, 8.8797e+02, 1.78532, a>0.4R_H
8.622, 0.00, 0.0002, 0.0001, 2.3146e-03, 0.1160, 0.0473, 1.7899e-01, 8.8797e+02, 1.79062, a>0.4R_H
8.623, 0.00, 0.0002, 0.0001, 2.3151e-03, 0.1190, 0.0515, 1.9273e-01, 8.8797e+02, 1.76379, a>0.4R_H
8.624, 0.00, 0.0002, 0.0001, 2.3153e-03, 0.1204, 0.0557, 2.0469e-01, 8.8797e+02, 1.73445, a>0.4R_H
8.625, 0.00, 0.0002, 0.0001, 2.3153e-03, 0.1201, 0.0592, 2.1431e-01, 8.8797e+02, 1.74011, a>0.4R_H
8.626, 0.00, 0.0002, 0.0001, 2.3151e-03, 0.1185, 0.0614, 2.2113e-01, 8.8797e+02, 1.76152, a>0.4R_H
8.627, 0.00, 0.0002, 0.0001, 2.3148e-03, 0.1158, 0.0621, 2.2478e-01, 8.8797e+02, 1.75390, a>0.4R_H
8.628, 0.00, 0.0002, 0.0001, 2.3142e-03, 0.1129, 0.0610, 2.2501e-01, 8.8797e+02, 1.74413, a>0.4R_H
8.629, 0.00, 0.0002, 0.0001, 2.3136e-03, 0.1108, 0.0583, 2.2177e-01, 8.8797e+02, 1.74691, a>0.4R_H
8.630, 0.00, 0.0002, 0.0001, 2.3128e-03, 0.1103, 0.0542, 2.1515e-01, 8.8797e+02, 1.83078, a>0.4R_H
8.631, 0.00, 0.0002, 0.0001, 2.3120e-03, 0.1123, 0.0493, 2.0539e-01, 8.8797e+02, 1.78300, a>0.4R_H
8.632, 0.00, 0.0003, 0.0001, 2.3111e-03, 0.1166, 0.0444, 1.9288e-01, 8.8797e+02, 1.75831, a>0.4R_H
8.634, 0.00, 0.0003, 0.0001, 2.3096e-03, 0.1298, 0.0416, 1.6150e-01, 8.8797e+02, 1.81563, a>0.4R_H
8.633, 0.00, 0.0003, 0.0001, 2.3103e-03, 0.1227, 0.0413, 1.7807e-01, 8.8797e+02, 1.88788, a>0.4R_H
8.635, 0.00, 0.0003, 0.0001, 2.4085e-03, 0.1782, 0.0463, 1.4544e-01, 9.2212e+02, 2.05765, a>0.4R_H
8.636, 0.00, 0.0002, 0.0001, 2.4109e-03, 0.1735, 0.0547, 1.4782e-01, 9.2212e+02, 2.08573, a>0.4R_H
8.637, 0.00, 0.0002, 0.0001, 2.4129e-03, 0.1667, 0.0656, 1.4839e-01, 9.2212e+02, 2.05154, a>0.4R_H
8.638, 0.00, 0.0002, 0.0001, 2.4143e-03, 0.1586, 0.0776, 1.4797e-01, 9.2212e+02, 1.80034, a>0.4R_H
8.639, 0.00, 0.0002, 0.0001, 2.4150e-03, 0.1513, 0.0899, 1.4729e-01, 9.2212e+02, 2.03988, a>0.4R_H
8.640, 0.00, 0.0002, 0.0001, 2.4152e-03, 0.1500, 0.1018, 1.4688e-01, 9.2212e+02, 2.16444, a>0.4R_H
8.642, 0.00, 0.0002, 0.0001, 2.4144e-03, 0.1412, 0.1214, 1.4808e-01, 9.2212e+02, 1.98990, a>0.4R_H
8.641, 0.00, 0.0002, 0.0001, 2.4149e-03, 0.1466, 0.1127, 1.4710e-01, 9.2212e+02, 2.14542, a>0.4R_H
8.643, 0.00, 0.0002, 0.0001, 2.4136e-03, 0.1341, 0.1126, 1.4981e-01, 9.2212e+02, 2.02959, a>0.4R_H
8.644, 0.00, 0.0002, 0.0001, 2.4127e-03, 0.1366, 0.1045, 1.5213e-01, 9.2212e+02, 1.94395, a>0.4R_H
8.645, 0.00, 0.0002, 0.0001, 2.4118e-03, 0.1407, 0.0972, 1.5478e-01, 9.2212e+02, 2.02791, a>0.4R_H
8.646, 0.00, 0.0002, 0.0001, 2.4108e-03, 0.1427, 0.0908, 1.5740e-01, 9.2212e+02, 1.91068, a>0.4R_H
8.647, 0.00, 0.0002, 0.0001, 2.4098e-03, 0.1427, 0.0855, 1.5962e-01, 9.2212e+02, 2.02427, a>0.4R_H
8.649, 0.00, 0.0002, 0.0001, 2.4081e-03, 0.1372, 0.0728, 1.6127e-01, 9.2212e+02, 2.01723, a>0.4R_H
8.648, 0.00, 0.0002, 0.0001, 2.4089e-03, 0.1407, 0.0813, 1.6104e-01, 9.2212e+02, 2.06215, a>0.4R_H
8.650, 0.00, 0.0002, 0.0002, 2.2344e-03, 0.0639, 0.0639, 1.3603e-01, 8.5381e+02, 1.78105, a>0.4R_H
8.652, 0.00, 0.0002, 0.0002, 2.2355e-03, 0.0521, 0.0521, 1.6920e-01, 8.5381e+02, 1.70619, a>0.4R_H
8.651, 0.00, 0.0002, 0.0002, 2.2349e-03, 0.0568, 0.0568, 1.5321e-01, 8.5381e+02, 1.79049, a>0.4R_H
8.653, 0.00, 0.0002, 0.0002, 2.2361e-03, 0.0498, 0.0498, 1.8360e-01, 8.5381e+02, 1.66669, a>0.4R_H
8.654, 0.00, 0.0002, 0.0002, 2.2368e-03, 0.0494, 0.0494, 1.9600e-01, 8.5381e+02, 1.68729, a>0.4R_H
8.655, 0.00, 0.0002, 0.0002, 2.2375e-03, 0.0505, 0.0505, 2.0605e-01, 8.5381e+02, 1.72623, a>0.4R_H
8.656, 0.00, 0.0002, 0.0002, 2.2382e-03, 0.0520, 0.0520, 2.1349e-01, 8.5381e+02, 1.69661, a>0.4R_H
8.658, 0.00, 0.0002, 0.0002, 2.2394e-03, 0.0549, 0.0549, 2.1995e-01, 8.5381e+02, 1.65946, a>0.4R_H
8.657, 0.00, 0.0002, 0.0002, 2.2388e-03, 0.0536, 0.0536, 2.1814e-01, 8.5381e+02, 1.71992, a>0.4R_H
8.659, 0.00, 0.0002, 0.0002, 2.2400e-03, 0.0558, 0.0558, 2.1896e-01, 8.5381e+02, 1.67342, a>0.4R_H
8.660, 0.00, 0.0002, 0.0002, 2.2405e-03, 0.0565, 0.0565, 2.1532e-01, 8.5381e+02, 1.66043, a>0.4R_H
8.661, 0.00, 0.0002, 0.0002, 2.2409e-03, 0.0573, 0.0573, 2.0930e-01, 8.5381e+02, 1.67984, a>0.4R_H
8.662, 0.00, 0.0002, 0.0002, 2.2411e-03, 0.0586, 0.0586, 2.0121e-01, 8.5381e+02, 1.69525, a>0.4R_H
8.663, 0.00, 0.0002, 0.0002, 2.2413e-03, 0.0608, 0.0608, 1.9144e-01, 8.5381e+02, 1.68995, a>0.4R_H
8.664, 0.00, 0.0002, 0.0002, 2.2413e-03, 0.0642, 0.0642, 1.8040e-01, 8.5381e+02, 1.67250, a>0.4R_H
8.665, 0.00, 0.0002, 0.0002, 2.2411e-03, 0.0688, 0.0688, 1.6852e-01, 8.5381e+02, 1.66853, a>0.4R_H
8.666, 0.00, 0.0002, 0.0002, 2.2408e-03, 0.0747, 0.0747, 1.5619e-01, 8.5381e+02, 1.68331, a>0.4R_H
8.667, 0.00, 0.0002, 0.0002, 2.2404e-03, 0.0816, 0.0816, 1.4379e-01, 8.5381e+02, 1.71835, a>0.4R_H
8.668, 0.00, 0.0002, 0.0002, 2.2397e-03, 0.0892, 0.0892, 1.3164e-01, 8.5381e+02, 1.67237, a>0.4R_H
8.669, 0.00, 0.0002, 0.0002, 2.2389e-03, 0.0970, 0.0970, 1.1999e-01, 8.5381e+02, 1.72314, a>0.4R_H
8.670, 0.00, 0.0002, 0.0001, 2.3118e-03, 0.1049, 0.0749, 1.2569e-01, 8.8797e+02, 1.78141, a>0.4R_H
8.671, 0.00, 0.0002, 0.0001, 2.3124e-03, 0.1125, 0.0625, 1.4099e-01, 8.8797e+02, 1.75055, a>0.4R_H
8.672, 0.00, 0.0002, 0.0001, 2.3129e-03, 0.1196, 0.0501, 1.5648e-01, 8.8797e+02, 1.73228, a>0.4R_H
8.673, 0.00, 0.0002, 0.0001, 2.3133e-03, 0.1259, 0.0379, 1.7179e-01, 8.8797e+02, 1.73002, a>0.4R_H
8.674, 0.00, 0.0002, 0.0001, 2.3136e-03, 0.1312, 0.0262, 1.8648e-01, 8.8797e+02, 1.76528, a>0.4R_H
8.675, 0.00, 0.0002, 0.0001, 2.3138e-03, 0.1353, 0.0156, 2.0009e-01, 8.8797e+02, 1.73488, a>0.4R_H
8.676, 0.00, 0.0002, 0.0001, 2.3139e-03, 0.1381, 0.0074, 2.1215e-01, 8.8797e+02, 1.74006, a>0.4R_H
8.677, 0.00, 0.0002, 0.0001, 2.3140e-03, 0.1395, 0.0070, 2.2219e-01, 8.8797e+02, 1.74922, a>0.4R_H
8.678, 0.00, 0.0002, 0.0001, 2.3139e-03, 0.1395, 0.0123, 2.2975e-01, 8.8797e+02, 1.74427, a>0.4R_H
8.679, 0.00, 0.0002, 0.0001, 2.3137e-03, 0.1385, 0.0169, 2.3447e-01, 8.8797e+02, 1.73440, a>0.4R_H
8.680, 0.00, 0.0002, 0.0001, 2.3134e-03, 0.1371, 0.0198, 2.3606e-01, 8.8797e+02, 1.74773, a>0.4R_H
8.681, 0.00, 0.0002, 0.0001, 2.3130e-03, 0.1361, 0.0208, 2.3434e-01, 8.8797e+02, 1.74498, a>0.4R_H
8.682, 0.00, 0.0002, 0.0001, 2.3126e-03, 0.1363, 0.0199, 2.2927e-01, 8.8797e+02, 1.75492, a>0.4R_H
8.683, 0.00, 0.0002, 0.0001, 2.3120e-03, 0.1386, 0.0173, 2.2093e-01, 8.8797e+02, 1.80644, a>0.4R_H
8.684, 0.00, 0.0002, 0.0001, 2.3114e-03, 0.1430, 0.0139, 2.0956e-01, 8.8797e+02, 1.83858, a>0.4R_H
8.685, 0.00, 0.0002, 0.0001, 2.3108e-03, 0.1495, 0.0122, 1.9548e-01, 8.8797e+02, 1.93221, a>0.4R_H
8.686, 0.00, 0.0002, 0.0001, 2.3101e-03, 0.1574, 0.0156, 1.7914e-01, 8.8797e+02, 1.83194, a>0.4R_H
8.687, 0.00, 0.0002, 0.0001, 2.3095e-03, 0.1658, 0.0236, 1.6103e-01, 8.8797e+02, 1.84000, a>0.4R_H
8.688, 0.00, 0.0002, 0.0001, 2.3088e-03, 0.1741, 0.0339, 1.4167e-01, 8.8797e+02, 2.03924, a>0.4R_H
8.689, 0.00, 0.0002, 0.0001, 2.3082e-03, 0.1817, 0.0454, 1.2161e-01, 8.8797e+02, 1.78624, a>0.4R_H
8.691, 0.00, 0.0002, 0.0001, 2.4131e-03, 0.1925, 0.0692, 1.3152e-01, 9.2212e+02, 1.76411, a>0.4R_H
8.690, 0.00, 0.0002, 0.0001, 2.3076e-03, 0.1879, 0.0574, 1.0136e-01, 8.8797e+02, 1.97746, a>0.4R_H
8.692, 0.00, 0.0002, 0.0001, 2.4126e-03, 0.1952, 0.0806, 1.3350e-01, 9.2212e+02, 1.85224, a>0.4R_H
8.693, 0.00, 0.0002, 0.0001, 2.4120e-03, 0.1959, 0.0909, 1.3655e-01, 9.2212e+02, 2.06677, a>0.4R_H
8.694, 0.00, 0.0002, 0.0001, 2.4115e-03, 0.1946, 0.0999, 1.4046e-01, 9.2212e+02, 2.05852, a>0.4R_H
8.695, 0.00, 0.0002, 0.0001, 2.4109e-03, 0.1913, 0.1071, 1.4494e-01, 9.2212e+02, 2.07297, a>0.4R_H
8.697, 0.00, 0.0002, 0.0001, 2.4098e-03, 0.1795, 0.0960, 1.5429e-01, 9.2212e+02, 1.98214, a>0.4R_H
8.696, 0.00, 0.0002, 0.0001, 2.4103e-03, 0.1862, 0.1056, 1.4968e-01, 9.2212e+02, 2.04620, a>0.4R_H
8.698, 0.00, 0.0002, 0.0001, 2.4092e-03, 0.1714, 0.0873, 1.5839e-01, 9.2212e+02, 1.82056, a>0.4R_H
8.699, 0.00, 0.0002, 0.0001, 2.4087e-03, 0.1622, 0.0797, 1.6160e-01, 9.2212e+02, 1.42263, a>0.4R_H

