# dH, e0, eM1_max, eM1_min, dA1_over_A0, eM2_max, eM2_min, dA2_over_A0, t_end(PM), wall_time, fate
8.70, 0.00, 0.0000, 0.0000, -7.9489e-06, 0.0352, 0.0352, 1.5393e-01, 8.5381e+02, 0.23663, a>0.4R_H
8.66, 0.00, 0.0001, 0.0001, -1.5063e-05, 0.0537, 0.0537, 1.2178e-01, 8.5381e+02, 0.35507, a>0.4R_H
8.69, 0.00, 0.0001, 0.0000, -1.5152e-05, 0.2570, 0.1266, 1.3121e-01, 9.9043e+02, 0.25920, a>0.4R_H
8.73, 0.00, 0.0000, 0.0000, -2.2072e-05, 0.2059, 0.0509, 1.2744e-01, 9.2212e+02, 0.30656, a>0.4R_H
8.72, 0.00, 0.0000, 0.0000, -1.0656e-05, 0.1736, 0.0541, 1.5393e-01, 9.2212e+02, 0.40388, a>0.4R_H
8.22, 0.00, 0.0004, 0.0000, -3.5724e-06, 0.1711, 0.0001, -1.7495e-02, 1.0000e+07, 2673.44283, tmax
7.53, 0.00, 0.0031, 0.0000, -3.8736e-05, 0.1302, 0.0001, 2.1024e-02, 1.0000e+07, 2673.42387, tmax
6.93, 0.00, 0.0199, 0.0000, 1.9335e-05, 0.1130, 0.0001, -4.8279e-03, 1.0000e+07, 2673.58098, tmax
8.30, 0.00, 0.0003, 0.0000, -2.1934e-05, 0.1805, 0.0002, 6.2315e-02, 1.0000e+07, 2674.30953, tmax
8.19, 0.00, 0.0004, 0.0000, -1.7199e-05, 0.1680, 0.0002, 2.6550e-02, 1.0000e+07, 2674.28883, tmax
7.58, 0.00, 0.0027, 0.0000, 1.0823e-05, 0.1322, 0.0002, -1.0119e-02, 1.0000e+07, 2675.14474, tmax
8.33, 0.00, 0.0003, 0.0000, 7.4003e-06, 0.1852, 0.0002, 1.8279e-01, 1.0000e+07, 2675.85322, tmax
6.79, 0.00, 0.0312, 0.0000, -1.2100e-04, 0.1103, 0.0001, 3.7619e-02, 1.0000e+07, 2676.94487, tmax
6.83, 0.00, 0.0275, 0.0000, -1.2417e-04, 0.1110, 0.0000, 3.9525e-02, 1.0000e+07, 2682.16421, tmax
5.79, 0.00, 0.0307, 0.0000, 1.8313e-04, 0.0940, 0.0001, -1.2439e-02, 1.0000e+07, 2684.26034, tmax
5.64, 0.00, 0.0293, 0.0000, -3.8674e-04, 0.0923, 0.0000, 6.4167e-02, 1.0000e+07, 2685.16101, tmax
8.71, 0.00, 0.0000, 0.0000, -1.2756e-05, 0.0789, 0.0789, 1.9070e-01, 8.5381e+02, 0.25624, a>0.4R_H
7.79, 0.00, 0.0014, 0.0000, -4.2725e-05, 0.1406, 0.0000, 9.0186e-02, 1.0000e+07, 2687.76430, tmax
6.41, 0.00, 0.0450, 0.0000, -8.5517e-05, 0.1033, 0.0001, 8.2918e-02, 1.0000e+07, 2688.07900, tmax
5.10, 0.00, 0.0266, 0.0000, -8.0280e-04, 0.0860, 0.0001, 4.4463e-02, 1.0000e+07, 2688.82473, tmax
7.87, 0.00, 0.0011, 0.0000, 1.5611e-05, 0.1452, 0.0000, -1.8753e-02, 1.0000e+07, 2691.55353, tmax
6.06, 0.00, 0.0345, 0.0000, 2.4487e-05, 0.0978, 0.0000, 9.0397e-02, 1.0000e+07, 2692.92357, tmax
7.47, 0.00, 0.0037, 0.0000, 1.4419e-05, 0.1284, 0.0002, -1.4038e-02, 1.0000e+07, 2693.02481, tmax
5.63, 0.00, 0.0293, 0.0000, -4.5162e-04, 0.0920, 0.0001, 4.5582e-02, 1.0000e+07, 2693.71813, tmax
5.19, 0.00, 0.0270, 0.0000, -5.6370e-04, 0.0870, 0.0000, 6.6817e-02, 1.0000e+07, 2693.80852, tmax
5.82, 0.00, 0.0310, 0.0000, -3.4950e-04, 0.0945, 0.0001, 4.4829e-02, 1.0000e+07, 2694.69419, tmax
5.68, 0.00, 0.0296, 0.0000, -2.5412e-04, 0.0927, 0.0002, 1.8716e-02, 1.0000e+07, 2698.10132, tmax
4.62, 0.00, 0.0252, 0.0000, -4.5310e-04, 0.0811, 0.0001, 1.0965e-02, 1.0000e+07, 2699.87435, tmax
4.82, 0.00, 0.0257, 0.0000, 1.3509e-04, 0.0832, 0.0001, -1.9246e-03, 1.0000e+07, 2699.97309, tmax
5.21, 0.00, 0.0270, 0.0000, -6.4341e-04, 0.0872, 0.0001, 5.6665e-02, 1.0000e+07, 2701.36978, tmax
4.42, 0.00, 0.0247, 0.0000, 3.8646e-04, 0.0792, 0.0001, 8.3737e-02, 1.0000e+07, 2701.96531, tmax
4.63, 0.00, 0.0252, 0.0000, -1.0384e-03, 0.0812, 0.0000, 3.7227e-02, 1.0000e+07, 2706.52974, tmax
6.04, 0.00, 0.0341, 0.0000, 9.4475e-05, 0.0975, 0.0001, -1.1286e-02, 1.0000e+07, 2713.61359, tmax
6.98, 0.00, 0.0169, 0.0000, -7.9994e-05, 0.1145, 0.0001, 2.1451e-02, 1.0000e+07, 2714.55970, tmax
8.96, 0.00, 0.0001, 0.0001, -1.1289e-05, 37961.8011, 1.0000, -1.0027e+00, 8.5381e+02, 0.22637, a<0
4.85, 0.00, 0.0258, 0.0000, 1.2854e-03, 0.0834, 0.0000, 9.4338e-02, 1.0000e+07, 2723.16484, tmax
8.61, 0.00, 0.0001, 0.0001, 9.9567e-07, 0.1992, 0.1107, 1.7818e-01, 8.8797e+02, 0.25879, a>0.4R_H
6.17, 0.00, 0.0370, 0.0000, 1.7259e-04, 0.0994, 0.0001, 9.8859e-02, 1.0000e+07, 2725.77786, tmax
6.73, 0.00, 0.0369, 0.0000, 3.3999e-05, 0.1092, 0.0001, -5.0230e-03, 1.0000e+07, 2727.25293, tmax
3.91, 0.00, 0.0231, 0.0000, -1.4778e-03, 0.0744, 0.0001, 2.3698e-02, 1.0000e+07, 2733.27388, tmax
5.62, 0.00, 0.0292, 0.0000, -2.5137e-04, 0.0919, 0.0000, 1.5882e-02, 1.0000e+07, 2734.97581, tmax
6.33, 0.00, 0.0421, 0.0000, 2.1806e-04, 0.1018, 0.0001, 1.0818e-01, 1.0000e+07, 2739.35627, tmax
4.16, 0.00, 0.0239, 0.0000, -1.5357e-03, 0.0767, 0.0001, 5.8667e-02, 1.0000e+07, 2750.77391, tmax
3.70, 0.00, 0.0193, 0.0000, 1.0645e-03, 0.0718, 0.0000, -1.1924e-02, 1.0000e+07, 2752.98888, tmax
4.91, 0.00, 0.0260, 0.0000, 1.2347e-03, 0.0841, 0.0001, 9.2528e-02, 1.0000e+07, 2759.86930, tmax
7.63, 0.00, 0.0023, 0.0000, 2.9567e-05, 0.1340, 0.0003, 1.3505e-01, 1.0000e+07, 2760.48366, tmax
3.50, 0.00, 0.0501, 0.0000, -3.8908e-03, 0.0778, 0.0000, 5.7334e-02, 1.0000e+07, 2762.31051, tmax
7.09, 0.00, 0.0118, 0.0000, 7.9224e-05, 0.1172, 0.0001, 1.2479e-01, 1.0000e+07, 2762.62296, tmax
5.83, 0.00, 0.0311, 0.0000, -3.3798e-04, 0.0944, 0.0000, 6.0199e-02, 1.0000e+07, 2764.93176, tmax
8.48, 0.00, 0.0002, 0.0000, 1.3959e-06, 0.2160, 0.0001, 1.8527e-01, 1.0000e+07, 2765.13803, tmax
4.77, 0.00, 0.0255, 0.0000, 4.8163e-04, 0.0824, 0.0001, -1.1325e-02, 1.0000e+07, 2780.35028, tmax
6.86, 0.00, 0.0250, 0.0000, 1.8803e-05, 0.1118, 0.0000, 1.0557e-01, 1.0000e+07, 2783.35178, tmax
3.53, 0.00, 0.0412, 0.0001, 2.7920e-04, 0.0741, 0.0001, -8.9860e-03, 1.0000e+07, 2792.15600, tmax
7.80, 0.00, 0.0014, 0.0000, -2.8583e-05, 0.1416, 0.0001, 9.4814e-02, 1.0000e+07, 2798.67954, tmax
5.46, 0.00, 0.0282, 0.0000, 3.0719e-04, 0.0899, 0.0001, 9.0537e-02, 1.0000e+07, 2807.93386, tmax
3.83, 0.00, 0.0222, 0.0000, -5.9940e-04, 0.0735, 0.0001, 6.8206e-03, 1.0000e+07, 2809.71477, tmax
6.91, 0.00, 0.0212, 0.0000, 8.6212e-05, 0.1127, 0.0001, 1.1587e-01, 1.0000e+07, 2813.02444, tmax
8.01, 0.00, 0.0007, 0.0000, 1.4472e-05, 0.1533, 0.0002, 1.5128e-01, 1.0000e+07, 2816.91524, tmax
7.71, 0.00, 0.0018, 0.0000, -2.9979e-05, 0.1374, 0.0001, 2.2900e-02, 1.0000e+07, 2826.28536, tmax
5.29, 0.00, 0.0273, 0.0000, 1.8777e-04, 0.0881, 0.0000, -7.1623e-03, 1.0000e+07, 2827.26488, tmax
8.89, 0.00, 0.0002, 0.0002, -1.1198e-05, 0.7920, 0.7920, 2.8592e-01, 8.5381e+02, 0.24022, a>0.4R_H
4.00, 0.00, 0.0235, 0.0000, 7.4210e-04, 0.0753, 0.0001, -1.1808e-02, 1.0000e+07, 2832.06217, tmax
4.68, 0.00, 0.0253, 0.0000, -2.3270e-05, 0.0818, 0.0001, 1.2157e-03, 1.0000e+07, 2835.13158, tmax
7.39, 0.00, 0.0047, 0.0000, -2.8453e-05, 0.1255, 0.0001, 1.0055e-02, 1.0000e+07, 2835.06612, tmax
6.71, 0.00, 0.0388, 0.0000, 1.3187e-04, 0.1087, 0.0001, 1.1332e-01, 1.0000e+07, 2837.89647, tmax
9.00, 0.00, 0.0001, 0.0001, -1.1234e-05, 71861.0806, 1.0000, -1.0017e+00, 8.5381e+02, 0.23343, a<0
5.92, 0.00, 0.0322, 0.0000, 3.2540e-04, 0.0958, 0.0001, 1.0090e-01, 1.0000e+07, 2841.33819, tmax
7.18, 0.00, 0.0089, 0.0000, 5.9857e-05, 0.1195, 0.0001, 1.2024e-01, 1.0000e+07, 2846.76610, tmax
4.83, 0.00, 0.0258, 0.0000, -9.5341e-04, 0.0832, 0.0001, 5.8239e-02, 1.0000e+07, 2852.81043, tmax
8.04, 0.00, 0.0007, 0.0000, -2.1476e-05, 0.1555, 0.0001, 4.0773e-02, 1.0000e+07, 2899.75829, tmax
7.23, 0.00, 0.0077, 0.0000, -1.2978e-05, 0.1209, 0.0001, 1.1509e-03, 1.0000e+07, 2676.31782, tmax
7.57, 0.00, 0.0028, 0.0000, -2.1877e-05, 0.1319, 0.0001, 1.1935e-02, 1.0000e+07, 2675.60962, tmax
7.74, 0.00, 0.0017, 0.0000, -9.2339e-06, 0.1387, 0.0003, 6.0621e-03, 1.0000e+07, 2679.98484, tmax
6.05, 0.00, 0.0343, 0.0000, 1.4933e-04, 0.0975, 0.0001, -1.2219e-02, 1.0000e+07, 2680.42248, tmax
7.89, 0.00, 0.0010, 0.0000, -4.5939e-05, 0.1462, 0.0000, 6.7504e-02, 1.0000e+07, 2675.61292, tmax
8.55, 0.00, 0.0001, 0.0000, 9.1515e-06, 0.2336, 0.0054, 2.2653e-01, 1.7486e+04, 4.68818, a>0.4R_H
4.98, 0.00, 0.0262, 0.0000, -4.8569e-04, 0.0847, 0.0001, 1.7792e-02, 1.0000e+07, 2684.27769, tmax
5.88, 0.00, 0.0317, 0.0000, -3.4215e-04, 0.0953, 0.0000, 4.5305e-02, 1.0000e+07, 2697.63345, tmax
8.93, 0.00, 0.0036, 0.0036, -2.1471e-04, 52522.8777, 1.0000, -1.0022e+00, 8.5381e+02, 0.22911, a<0
8.16, 0.00, 0.0004, 0.0000, 8.7165e-06, 0.1653, 0.0001, 1.6052e-01, 1.0000e+07, 2676.60104, tmax
5.75, 0.00, 0.0303, 0.0000, 1.6165e-04, 0.0935, 0.0001, -1.0311e-02, 1.0000e+07, 2705.56966, tmax
7.82, 0.00, 0.0013, 0.0000, -3.9695e-06, 0.1420, 0.0001, 1.3444e-01, 1.0000e+07, 2686.41890, tmax
8.23, 0.00, 0.0004, 0.0000, -1.6184e-05, 0.1723, 0.0001, 2.9269e-02, 1.0000e+07, 2684.85537, tmax
4.47, 0.00, 0.0248, 0.0000, 1.7147e-03, 0.0797, 0.0001, 8.8305e-02, 1.0000e+07, 2704.56328, tmax
7.22, 0.00, 0.0079, 0.0000, -7.5652e-05, 0.1206, 0.0001, 6.1329e-02, 1.0000e+07, 2716.73242, tmax
5.13, 0.00, 0.0267, 0.0000, 9.5834e-04, 0.0862, 0.0001, 9.8082e-02, 1.0000e+07, 2729.99436, tmax
6.22, 0.00, 0.0384, 0.0000, 3.3633e-05, 0.1002, 0.0001, 9.6525e-02, 1.0000e+07, 2684.83116, tmax
4.37, 0.00, 0.0246, 0.0000, 9.8516e-07, 0.0788, 0.0000, 8.0978e-02, 1.0000e+07, 2721.35943, tmax
5.09, 0.00, 0.0266, 0.0000, 9.7912e-05, 0.0859, 0.0001, 8.1680e-02, 1.0000e+07, 2738.68440, tmax
4.87, 0.00, 0.0259, 0.0000, 3.4043e-04, 0.0835, 0.0000, -7.4305e-03, 1.0000e+07, 2694.13669, tmax
4.59, 0.00, 0.0251, 0.0000, -7.7125e-04, 0.0808, 0.0000, 1.8789e-02, 1.0000e+07, 2762.92398, tmax
3.63, 0.00, 0.0291, 0.0000, 1.2227e-03, 0.0723, 0.0001, -1.1806e-02, 1.0000e+07, 2746.39508, tmax
6.21, 0.00, 0.0381, 0.0000, -2.5302e-04, 0.1000, 0.0001, 3.6740e-02, 1.0000e+07, 2717.35300, tmax
5.65, 0.00, 0.0294, 0.0000, -2.1294e-04, 0.0924, 0.0001, 8.1007e-02, 1.0000e+07, 2686.09550, tmax
4.32, 0.00, 0.0245, 0.0000, 1.8758e-04, 0.0783, 0.0000, 7.9938e-02, 1.0000e+07, 2777.61584, tmax
5.23, 0.00, 0.0271, 0.0000, -4.1830e-05, 0.0875, 0.0000, 8.4903e-02, 1.0000e+07, 2686.26482, tmax
8.98, 0.00, 0.0001, 0.0001, -1.1257e-05, 59497.2548, 1.0000, -1.0020e+00, 8.5381e+02, 0.22735, a<0
5.42, 0.00, 0.0280, 0.0000, 6.5545e-04, 0.0895, 0.0001, 9.6986e-02, 1.0000e+07, 2698.87232, tmax
6.78, 0.00, 0.0321, 0.0000, 4.5853e-05, 0.1102, 0.0001, -6.8162e-03, 1.0000e+07, 2742.71360, tmax
6.40, 0.00, 0.0446, 0.0000, -7.5075e-05, 0.1024, 0.0001, 8.4346e-02, 1.0000e+07, 2704.59588, tmax
7.37, 0.00, 0.0050, 0.0000, -1.6519e-05, 0.1250, 0.0002, 7.5844e-03, 1.0000e+07, 2727.87014, tmax
7.21, 0.00, 0.0081, 0.0000, -4.2446e-05, 0.1202, 0.0002, 9.3991e-02, 1.0000e+07, 2709.77969, tmax
4.44, 0.00, 0.0248, 0.0000, -2.1027e-04, 0.0794, 0.0001, 5.1697e-03, 1.0000e+07, 2730.13154, tmax
4.52, 0.00, 0.0249, 0.0000, -1.0532e-03, 0.0802, 0.0000, 3.0990e-02, 1.0000e+07, 2793.14956, tmax
4.10, 0.00, 0.0238, 0.0000, -6.9798e-05, 0.0761, 0.0000, 9.9804e-04, 1.0000e+07, 2792.27744, tmax
6.23, 0.00, 0.0387, 0.0000, -2.0481e-04, 0.1002, 0.0001, 7.3214e-02, 1.0000e+07, 2817.63957, tmax
7.49, 0.00, 0.0035, 0.0000, 3.7994e-05, 0.1288, 0.0000, 1.3223e-01, 1.0000e+07, 2682.32948, tmax
7.84, 0.00, 0.0012, 0.0000, -3.2559e-05, 0.1435, 0.0001, 5.5819e-02, 1.0000e+07, 2803.81311, tmax
7.68, 0.00, 0.0020, 0.0000, -4.5263e-05, 0.1362, 0.0002, 7.9512e-02, 1.0000e+07, 2677.48534, tmax
6.09, 0.00, 0.0351, 0.0000, 6.2515e-05, 0.0981, 0.0000, -7.5044e-03, 1.0000e+07, 2790.95606, tmax
3.95, 0.00, 0.0233, 0.0000, -1.7507e-03, 0.0748, 0.0000, 6.4110e-02, 1.0000e+07, 2807.80544, tmax
6.89, 0.00, 0.0227, 0.0000, 2.6005e-05, 0.1124, 0.0001, -4.9007e-03, 1.0000e+07, 2763.60121, tmax
5.71, 0.00, 0.0299, 0.0000, -2.4035e-06, 0.0930, 0.0002, 8.4138e-02, 1.0000e+07, 2835.54093, tmax
6.68, 0.00, 0.0414, 0.0000, -3.5963e-05, 0.1082, 0.0000, 9.4120e-02, 1.0000e+07, 2684.48649, tmax
6.27, 0.00, 0.0400, 0.0000, -6.6770e-05, 0.1010, 0.0001, 7.2373e-03, 1.0000e+07, 2846.67474, tmax
4.89, 0.00, 0.0259, 0.0000, -2.7705e-04, 0.0839, 0.0000, 7.5659e-03, 1.0000e+07, 2713.94265, tmax
8.86, 0.00, 0.0001, 0.0001, -1.2960e-05, 0.1623, 0.1623, 3.5951e-02, 8.5381e+02, 0.22653, a>0.4R_H
4.27, 0.00, 0.0245, 0.0000, -2.0340e-04, 0.0779, 0.0001, 7.5489e-02, 1.0000e+07, 2854.75582, tmax
5.34, 0.00, 0.0276, 0.0000, -4.3582e-04, 0.0887, 0.0000, 2.5716e-02, 1.0000e+07, 2760.78911, tmax
5.02, 0.00, 0.0264, 0.0000, 8.5269e-04, 0.0852, 0.0000, 9.4716e-02, 1.0000e+07, 2816.05800, tmax
4.56, 0.00, 0.0250, 0.0000, -6.8744e-05, 0.0806, 0.0000, 3.5448e-03, 1.0000e+07, 2783.43235, tmax
4.88, 0.00, 0.0259, 0.0000, -7.1795e-04, 0.0838, 0.0000, 2.6993e-02, 1.0000e+07, 2756.19670, tmax
6.53, 0.00, 0.0477, 0.0000, 1.4859e-04, 0.1052, 0.0001, 1.0671e-01, 1.0000e+07, 2772.79333, tmax
8.42, 0.00, 0.0002, 0.0000, -1.4964e-05, 0.2012, 0.0001, 5.5248e-02, 1.0000e+07, 2758.74298, tmax
3.56, 0.00, 0.0384, 0.0000, -2.0412e-03, 0.0730, 0.0000, 2.5962e-02, 1.0000e+07, 2836.20728, tmax
4.50, 0.00, 0.0249, 0.0000, -5.8528e-04, 0.0800, 0.0001, 1.4470e-02, 1.0000e+07, 2894.93380, tmax
4.53, 0.00, 0.0250, 0.0000, 1.8576e-03, 0.0802, 0.0000, 9.0262e-02, 1.0000e+07, 2829.20075, tmax
5.93, 0.00, 0.0324, 0.0000, 1.2245e-04, 0.0960, 0.0001, -7.6023e-03, 1.0000e+07, 2812.98882, tmax
4.61, 0.00, 0.0251, 0.0000, 1.7075e-03, 0.0811, 0.0001, 9.0149e-02, 1.0000e+07, 2777.49262, tmax
4.01, 0.00, 0.0236, 0.0000, 7.6359e-04, 0.0753, 0.0001, -1.0946e-02, 1.0000e+07, 2854.26427, tmax
6.80, 0.00, 0.0302, 0.0000, -5.9324e-06, 0.1104, 0.0000, -1.0956e-03, 1.0000e+07, 2840.65003, tmax
4.26, 0.00, 0.0245, 0.0000, -1.4833e-03, 0.0778, 0.0000, 5.7036e-02, 1.0000e+07, 2875.48438, tmax
3.87, 0.00, 0.0227, 0.0001, -1.1893e-03, 0.0740, 0.0001, 6.8829e-02, 1.0000e+07, 2823.71872, tmax
3.66, 0.00, 0.0219, 0.0000, 5.1305e-03, 0.0721, 0.0001, 8.6242e-02, 1.0000e+07, 2913.47431, tmax
7.96, 0.00, 0.0008, 0.0000, -3.1428e-06, 0.1504, 0.0001, 1.4470e-01, 1.0000e+07, 2674.93983, tmax
8.65, 0.00, 0.0001, 0.0001, -9.2985e-06, 0.0328, 0.0328, 1.9403e-01, 8.5381e+02, 0.22747, a>0.4R_H
5.38, 0.00, 0.0278, 0.0000, -5.9903e-04, 0.0891, 0.0001, 6.1756e-02, 1.0000e+07, 2687.05506, tmax
8.00, 0.00, 0.0007, 0.0000, 9.2485e-06, 0.1526, 0.0000, -1.8070e-02, 1.0000e+07, 2678.62926, tmax
8.24, 0.00, 0.0003, 0.0000, 1.3520e-05, 0.1731, 0.0002, 1.8174e-01, 1.0000e+07, 2680.15599, tmax
5.17, 0.00, 0.0269, 0.0000, 7.2693e-04, 0.0868, 0.0001, 9.2600e-02, 1.0000e+07, 2712.27560, tmax
6.62, 0.00, 0.0455, 0.0000, -1.3344e-04, 0.1068, 0.0001, 6.8442e-02, 1.0000e+07, 2690.62917, tmax
6.37, 0.00, 0.0435, 0.0000, 8.5483e-05, 0.1026, 0.0001, -7.1199e-03, 1.0000e+07, 2702.86136, tmax
5.22, 0.00, 0.0271, 0.0000, -1.9256e-04, 0.0873, 0.0001, 8.1205e-03, 1.0000e+07, 2721.46888, tmax
6.52, 0.00, 0.0477, 0.0000, 1.3621e-04, 0.1052, 0.0001, 1.1155e-01, 1.0000e+07, 2688.17793, tmax
4.76, 0.00, 0.0255, 0.0000, 1.4112e-04, 0.0826, 0.0001, 8.1111e-02, 1.0000e+07, 2694.39719, tmax
6.00, 0.00, 0.0334, 0.0000, -1.8809e-04, 0.0968, 0.0001, 1.5827e-02, 1.0000e+07, 2684.47305, tmax
4.99, 0.00, 0.0262, 0.0000, -3.3089e-05, 0.0848, 0.0001, 2.2728e-03, 1.0000e+07, 2708.95243, tmax
3.67, 0.00, 0.0199, 0.0000, -2.6470e-03, 0.0720, 0.0000, 4.0552e-02, 1.0000e+07, 2745.79223, tmax
7.13, 0.00, 0.0104, 0.0000, -9.3024e-05, 0.1181, 0.0001, 6.6384e-02, 1.0000e+07, 2775.30848, tmax
6.10, 0.00, 0.0354, 0.0000, 5.6364e-05, 0.0984, 0.0001, -3.0629e-03, 1.0000e+07, 2742.36768, tmax
5.01, 0.00, 0.0263, 0.0000, -6.2381e-04, 0.0851, 0.0001, 2.2716e-02, 1.0000e+07, 2722.99526, tmax
7.11, 0.00, 0.0111, 0.0000, 8.2118e-05, 0.1175, 0.0001, 1.2601e-01, 1.0000e+07, 2681.29979, tmax
4.09, 0.00, 0.0238, 0.0000, 4.3608e-05, 0.0760, 0.0001, -1.0335e-03, 1.0000e+07, 2736.40578, tmax
8.21, 0.00, 0.0004, 0.0000, -2.3088e-05, 0.1702, 0.0001, 1.2780e-01, 1.0000e+07, 2679.86835, tmax
4.78, 0.00, 0.0256, 0.0000, -3.1651e-04, 0.0827, 0.0001, 7.4368e-02, 1.0000e+07, 2735.64399, tmax
6.70, 0.00, 0.0397, 0.0000, 2.1336e-05, 0.1084, 0.0001, -7.7318e-03, 1.0000e+07, 2730.08709, tmax
4.28, 0.00, 0.0245, 0.0000, 3.0335e-04, 0.0780, 0.0001, -5.3999e-03, 1.0000e+07, 2715.63986, tmax
6.59, 0.00, 0.0468, 0.0000, -1.2957e-04, 0.1062, 0.0001, 2.1854e-02, 1.0000e+07, 2691.09062, tmax
5.03, 0.00, 0.0264, 0.0000, 7.5852e-05, 0.0853, 0.0001, -2.0767e-03, 1.0000e+07, 2762.76189, tmax
4.75, 0.00, 0.0255, 0.0000, -9.6932e-04, 0.0824, 0.0000, 5.6473e-02, 1.0000e+07, 2769.71194, tmax
4.05, 0.00, 0.0237, 0.0000, 9.1615e-04, 0.0755, 0.0000, -1.2338e-02, 1.0000e+07, 2741.60071, tmax
8.28, 0.00, 0.0003, 0.0000, -9.5400e-06, 0.1781, 0.0002, -1.6708e-02, 1.0000e+07, 2737.48539, tmax
3.65, 0.00, 0.0242, 0.0000, 8.0233e-04, 0.0720, 0.0001, -9.6278e-03, 1.0000e+07, 2865.27600, tmax
5.28, 0.00, 0.0273, 0.0000, 1.0164e-04, 0.0880, 0.0001, -1.3873e-03, 1.0000e+07, 2807.13574, tmax
4.03, 0.00, 0.0236, 0.0000, -3.7952e-04, 0.0755, 0.0001, 4.6294e-03, 1.0000e+07, 2807.02084, tmax
5.72, 0.00, 0.0300, 0.0000, -3.9885e-04, 0.0932, 0.0000, 5.9094e-02, 1.0000e+07, 2745.08312, tmax
4.19, 0.00, 0.0238, 0.0000, 6.1729e-04, 0.0769, 0.0000, -9.4752e-03, 1.0000e+07, 2776.62178, tmax
6.67, 0.00, 0.0422, 0.0000, 1.2430e-04, 0.1077, 0.0001, 1.1250e-01, 1.0000e+07, 2685.10331, tmax
5.12, 0.00, 0.0267, 0.0000, -7.6933e-04, 0.0862, 0.0001, 3.9197e-02, 1.0000e+07, 2845.66006, tmax
8.20, 0.00, 0.0004, 0.0000, -3.2907e-06, 0.1691, 0.0001, 1.3546e-01, 1.0000e+07, 2816.22513, tmax
6.96, 0.00, 0.0180, 0.0000, 1.9643e-05, 0.1139, 0.0000, 1.0854e-01, 1.0000e+07, 2761.10900, tmax
4.80, 0.00, 0.0340, 0.0000, -9.9604e-05, 0.0909, 0.0001, 7.9839e-02, 1.0000e+07, 2696.78341, tmax
8.64, 0.00, 0.0001, 0.0000, -8.2922e-06, 0.2017, 0.0808, 1.6351e-01, 9.9043e+02, 0.29267, a>0.4R_H
4.17, 0.00, 0.0239, 0.0000, 2.7935e-03, 0.0768, 0.0001, 8.9873e-02, 1.0000e+07, 2849.62026, tmax
5.30, 0.00, 0.0274, 0.0000, -4.9267e-04, 0.0881, 0.0000, 2.6192e-02, 1.0000e+07, 2782.85303, tmax
3.94, 0.00, 0.0232, 0.0000, 2.6248e-03, 0.0747, 0.0001, 8.4197e-02, 1.0000e+07, 2735.25421, tmax
6.32, 0.00, 0.0417, 0.0000, -2.4039e-04, 0.1017, 0.0001, 5.6982e-02, 1.0000e+07, 2687.43460, tmax
3.79, 0.00, 0.0216, 0.0001, 1.0496e-03, 0.0733, 0.0000, -1.2532e-02, 1.0000e+07, 2769.20206, tmax
4.45, 0.00, 0.0248, 0.0000, 9.5503e-04, 0.0795, 0.0000, 8.5217e-02, 1.0000e+07, 2719.44815, tmax
4.36, 0.00, 0.0246, 0.0000, 3.0288e-04, 0.0786, 0.0001, -6.7225e-03, 1.0000e+07, 2797.77440, tmax
8.52, 0.00, 0.0002, 0.0000, -1.5009e-05, 0.2286, 0.0002, 5.3859e-03, 1.0000e+07, 2760.75631, tmax
8.60, 0.00, 0.0001, 0.0001, -1.1696e-05, 0.0699, 0.0699, 1.8804e-01, 8.5381e+02, 0.24189, a>0.4R_H
5.52, 0.00, 0.0285, 0.0000, 5.9583e-04, 0.0908, 0.0000, 1.0123e-01, 1.0000e+07, 2776.74457, tmax
5.31, 0.00, 0.0274, 0.0000, 2.7159e-04, 0.0884, 0.0001, -1.1939e-02, 1.0000e+07, 2814.55177, tmax
8.83, 0.00, 0.0001, 0.0001, -9.1239e-06, 0.2140, 0.2140, -2.2286e-02, 8.5381e+02, 0.23726, a>0.4R_H
7.78, 0.00, 0.0015, 0.0000, 5.0340e-07, 0.1405, 0.0001, -1.5408e-02, 1.0000e+07, 2707.59839, tmax
4.20, 0.00, 0.0237, 0.0000, -1.0836e-03, 0.0769, 0.0001, 2.2830e-02, 1.0000e+07, 2749.90431, tmax
7.10, 0.00, 0.0115, 0.0000, -9.7526e-05, 0.1173, 0.0001, 5.8025e-02, 1.0000e+07, 2795.63773, tmax
8.40, 0.00, 0.0002, 0.0000, -9.4923e-06, 0.1972, 0.0001, 3.8579e-02, 1.0000e+07, 2834.74358, tmax
4.30, 0.00, 0.0245, 0.0000, -1.1780e-03, 0.0781, 0.0000, 6.2421e-02, 1.0000e+07, 2743.18934, tmax
8.75, 0.00, 0.0000, 0.0000, -1.1906e-05, 0.1535, 0.1535, 9.5630e-02, 8.5381e+02, 0.23544, a>0.4R_H
3.93, 0.00, 0.0232, 0.0000, -1.4673e-03, 0.0746, 0.0000, 2.1871e-02, 1.0000e+07, 2791.32652, tmax
7.16, 0.00, 0.0095, 0.0000, -3.9691e-05, 0.1190, 0.0001, 8.8247e-02, 1.0000e+07, 2751.43013, tmax
6.77, 0.00, 0.0331, 0.0000, 1.0060e-04, 0.1100, 0.0001, 1.1107e-01, 1.0000e+07, 2800.29227, tmax
5.86, 0.00, 0.0314, 0.0000, 4.2977e-04, 0.0950, 0.0001, 1.0136e-01, 1.0000e+07, 2821.19436, tmax
5.18, 0.00, 0.0269, 0.0000, 1.4910e-04, 0.0869, 0.0000, -3.7552e-03, 1.0000e+07, 2814.83229, tmax
6.01, 0.00, 0.0336, 0.0000, 1.7796e-04, 0.0970, 0.0001, -1.1510e-02, 1.0000e+07, 2703.50145, tmax
4.14, 0.00, 0.0239, 0.0000, -1.3046e-03, 0.0765, 0.0001, 2.6552e-02, 1.0000e+07, 2737.78151, tmax
7.66, 0.00, 0.0021, 0.0000, -4.2518e-05, 0.1352, 0.0000, 3.1895e-02, 1.0000e+07, 2834.56195, tmax
8.06, 0.00, 0.0006, 0.0000, -1.9273e-05, 0.1571, 0.0003, 3.2433e-02, 1.0000e+07, 2678.80199, tmax
6.30, 0.00, 0.0410, 0.0000, -1.1025e-04, 0.1014, 0.0001, 7.8816e-02, 1.0000e+07, 2691.11177, tmax
4.34, 0.00, 0.0246, 0.0000, -1.5163e-03, 0.0785, 0.0000, 4.1279e-02, 1.0000e+07, 2712.43539, tmax
7.07, 0.00, 0.0126, 0.0000, -1.3473e-05, 0.1167, 0.0001, 8.8658e-04, 1.0000e+07, 2683.25424, tmax
4.95, 0.00, 0.0261, 0.0000, 7.9235e-04, 0.0842, 0.0001, 9.2481e-02, 1.0000e+07, 2694.36162, tmax
5.67, 0.00, 0.0296, 0.0000, 3.2040e-04, 0.0926, 0.0000, 9.4607e-02, 1.0000e+07, 2686.81366, tmax
7.27, 0.00, 0.0068, 0.0000, -4.6454e-05, 0.1219, 0.0001, 9.0921e-02, 1.0000e+07, 2677.55587, tmax
4.70, 0.00, 0.0254, 0.0000, 9.0416e-04, 0.0819, 0.0001, 8.6990e-02, 1.0000e+07, 2698.79323, tmax
5.70, 0.00, 0.0298, 0.0000, -3.6525e-04, 0.0928, 0.0001, 2.5861e-02, 1.0000e+07, 2673.88967, tmax
3.89, 0.00, 0.0229, 0.0000, 8.4453e-04, 0.0742, 0.0000, -1.1936e-02, 1.0000e+07, 2814.71871, tmax
5.32, 0.00, 0.0275, 0.0000, 5.5062e-04, 0.0884, 0.0001, 9.6377e-02, 1.0000e+07, 2691.62351, tmax
7.93, 0.00, 0.0009, 0.0000, -3.9060e-05, 0.1483, 0.0002, 7.7271e-02, 1.0000e+07, 2678.94872, tmax
4.24, 0.00, 0.0247, 0.0000, 6.8563e-04, 0.0778, 0.0000, -1.2071e-02, 1.0000e+07, 2713.62161, tmax
6.99, 0.00, 0.0163, 0.0000, -9.3079e-05, 0.1146, 0.0000, 3.5821e-02, 1.0000e+07, 2675.92969, tmax
7.44, 0.00, 0.0041, 0.0000, -5.2532e-05, 0.1271, 0.0002, 6.0934e-02, 1.0000e+07, 2680.48410, tmax
4.51, 0.00, 0.0249, 0.0000, 1.7438e-03, 0.0801, 0.0001, 9.1349e-02, 1.0000e+07, 2705.65618, tmax
3.61, 0.00, 0.0333, 0.0001, 8.1476e-04, 0.0725, 0.0000, -1.1320e-02, 1.0000e+07, 2755.17835, tmax
5.44, 0.00, 0.0281, 0.0000, -1.5427e-04, 0.0896, 0.0001, 7.9855e-03, 1.0000e+07, 2687.35476, tmax
6.74, 0.00, 0.0359, 0.0000, 5.2741e-05, 0.1094, 0.0001, -5.9481e-03, 1.0000e+07, 2734.96109, tmax
3.54, 0.00, 0.0400, 0.0000, -1.0355e-03, 0.0736, 0.0001, 1.1554e-02, 1.0000e+07, 2823.69820, tmax
8.34, 0.00, 0.0003, 0.0000, -2.3260e-05, 0.1869, 0.0002, 3.9275e-02, 1.0000e+07, 2710.62277, tmax
8.56, 0.00, 0.0001, 0.0000, 2.6651e-06, 0.2170, 0.0077, 2.1643e-01, 5.9767e+03, 1.62970, a>0.4R_H
6.48, 0.00, 0.0471, 0.0000, 2.3654e-04, 0.1043, 0.0000, 1.1452e-01, 1.0000e+07, 2843.46185, tmax
5.59, 0.00, 0.0290, 0.0000, -4.7069e-04, 0.0915, 0.0001, 5.0605e-02, 1.0000e+07, 2685.02729, tmax
3.88, 0.00, 0.0228, 0.0000, -2.0793e-03, 0.0741, 0.0001, 5.8815e-02, 1.0000e+07, 2892.44323, tmax
6.55, 0.00, 0.0476, 0.0000, -1.5932e-04, 0.1052, 0.0001, 6.9425e-02, 1.0000e+07, 2690.89283, tmax
5.56, 0.00, 0.0288, 0.0000, -4.7382e-04, 0.0911, 0.0000, 4.3727e-02, 1.0000e+07, 2687.27379, tmax
7.61, 0.00, 0.0024, 0.0000, 3.0045e-05, 0.1334, 0.0002, 1.3354e-01, 1.0000e+07, 2675.90288, tmax
8.59, 0.00, 0.0001, 0.0000, -7.9042e-06, 0.2172, 0.0616, 1.9420e-01, 1.0929e+03, 0.29190, a>0.4R_H
7.77, 0.00, 0.0015, 0.0000, -4.5472e-05, 0.1400, 0.0001, 5.7979e-02, 1.0000e+07, 2686.32778, tmax
8.08, 0.00, 0.0006, 0.0000, -4.1475e-06, 0.1586, 0.0001, 1.2774e-01, 1.0000e+07, 2678.44506, tmax
8.58, 0.00, 0.0001, 0.0000, 4.3099e-06, 0.1656, 0.0916, 2.0233e-01, 9.5627e+02, 0.25247, a>0.4R_H
8.51, 0.00, 0.0002, 0.0000, -3.9393e-06, 0.2252, 0.0002, -2.3668e-02, 1.0000e+07, 2680.29814, tmax
8.81, 0.00, 0.0001, 0.0001, -5.3478e-06, 0.3081, 0.3081, 1.8623e-01, 8.5381e+02, 0.22389, a>0.4R_H
7.50, 0.00, 0.0034, 0.0000, 4.2754e-06, 0.1293, 0.0001, -4.4965e-03, 1.0000e+07, 2842.73036, tmax
8.57, 0.00, 0.0001, 0.0000, 5.1016e-06, 0.2182, 0.0099, 2.1904e-01, 1.9125e+03, 0.55021, a>0.4R_H
5.87, 0.00, 0.0316, 0.0000, -2.0525e-04, 0.0950, 0.0001, 1.8001e-02, 1.0000e+07, 2692.48114, tmax
6.69, 0.00, 0.0406, 0.0000, -2.7501e-05, 0.1080, 0.0001, 6.9288e-03, 1.0000e+07, 2684.17733, tmax
3.97, 0.00, 0.0234, 0.0000, -1.8582e-04, 0.0749, 0.0000, 7.6401e-02, 1.0000e+07, 2730.03267, tmax
5.36, 0.00, 0.0277, 0.0000, -2.3932e-04, 0.0889, 0.0000, 1.3059e-02, 1.0000e+07, 2689.30443, tmax
8.39, 0.00, 0.0002, 0.0000, -1.4586e-05, 0.1950, 0.0003, 8.5718e-02, 1.0000e+07, 2679.72984, tmax
7.31, 0.00, 0.0060, 0.0000, 2.2752e-05, 0.1231, 0.0001, -6.1975e-03, 1.0000e+07, 2803.20236, tmax
5.95, 0.00, 0.0326, 0.0000, -2.7948e-04, 0.0963, 0.0000, 2.7396e-02, 1.0000e+07, 2814.80485, tmax
6.60, 0.00, 0.0465, 0.0000, -1.6613e-04, 0.1065, 0.0001, 3.2367e-02, 1.0000e+07, 2768.04112, tmax
7.54, 0.00, 0.0030, 0.0000, -5.2182e-05, 0.1306, 0.0001, 6.8358e-02, 1.0000e+07, 2832.55715, tmax
8.78, 0.00, 0.0001, 0.0000, -1.7491e-05, 0.3135, 0.1491, 1.7723e-01, 9.2212e+02, 0.25628, a>0.4R_H
7.65, 0.00, 0.0022, 0.0000, -2.7763e-05, 0.1349, 0.0000, 1.2112e-02, 1.0000e+07, 2826.56070, tmax
8.97, 0.00, 0.0001, 0.0001, -1.1272e-05, 49529.3312, 1.0000, -1.0022e+00, 8.5381e+02, 0.22949, a<0
5.58, 0.00, 0.0289, 0.0000, 4.3085e-04, 0.0914, 0.0001, 9.7645e-02, 1.0000e+07, 2687.31755, tmax
6.11, 0.00, 0.0356, 0.0000, 6.9603e-05, 0.0985, 0.0001, 9.2279e-02, 1.0000e+07, 2800.94155, tmax
6.38, 0.00, 0.0439, 0.0000, -2.0968e-04, 0.1025, 0.0001, 4.4643e-02, 1.0000e+07, 2784.06402, tmax
8.84, 0.00, 0.0001, 0.0001, -1.4490e-05, 0.0573, 0.0573, 9.9701e-02, 8.5381e+02, 0.27067, a>0.4R_H
8.32, 0.00, 0.0003, 0.0000, -1.8309e-05, 0.1837, 0.0001, 1.9982e-02, 1.0000e+07, 2719.65286, tmax
7.19, 0.00, 0.0087, 0.0000, 7.1206e-05, 0.1198, 0.0001, 1.2764e-01, 1.0000e+07, 2680.60982, tmax
7.08, 0.00, 0.0122, 0.0000, 1.2285e-05, 0.1171, 0.0000, 1.0939e-01, 1.0000e+07, 2684.43641, tmax
8.27, 0.00, 0.0003, 0.0000, 1.1647e-05, 0.1769, 0.0000, 1.8244e-01, 1.0000e+07, 2674.92981, tmax
7.02, 0.00, 0.0148, 0.0000, -2.3614e-05, 0.1155, 0.0001, 8.7074e-03, 1.0000e+07, 2833.34060, tmax
7.48, 0.00, 0.0036, 0.0000, -1.9371e-05, 0.1284, 0.0001, 5.0900e-03, 1.0000e+07, 2831.86275, tmax
8.18, 0.00, 0.0004, 0.0000, 8.3509e-07, 0.1672, 0.0001, -1.1709e-02, 1.0000e+07, 2832.21854, tmax
6.81, 0.00, 0.0293, 0.0000, -1.4358e-04, 0.1107, 0.0001, 6.0349e-02, 1.0000e+07, 2680.06649, tmax
5.91, 0.00, 0.0321, 0.0000, 1.6003e-04, 0.0957, 0.0001, -1.2405e-02, 1.0000e+07, 2686.77780, tmax
5.45, 0.00, 0.0281, 0.0000, -3.2165e-04, 0.0898, 0.0001, 1.8514e-02, 1.0000e+07, 2846.35226, tmax
8.44, 0.00, 0.0002, 0.0000, -4.9028e-06, 0.2054, 0.0001, 1.4668e-01, 1.0000e+07, 2831.59351, tmax
6.47, 0.00, 0.0468, 0.0000, -1.7756e-04, 0.1041, 0.0001, 4.5320e-02, 1.0000e+07, 2848.52562, tmax
4.23, 0.00, 0.0252, 0.0000, -1.5521e-03, 0.0781, 0.0000, 6.0929e-02, 1.0000e+07, 2875.83392, tmax
5.77, 0.00, 0.0305, 0.0000, 4.3470e-04, 0.0938, 0.0000, 1.0450e-01, 1.0000e+07, 2842.97579, tmax
5.43, 0.00, 0.0280, 0.0000, -5.5658e-04, 0.0896, 0.0002, 4.3253e-02, 1.0000e+07, 2840.16870, tmax
3.62, 0.00, 0.0314, 0.0000, -1.3286e-05, 0.0724, 0.0000, -1.8777e-03, 1.0000e+07, 2907.85019, tmax
8.03, 0.00, 0.0007, 0.0000, 8.0785e-06, 0.1545, 0.0001, 1.4547e-01, 1.0000e+07, 2678.79904, tmax
5.40, 0.00, 0.0278, 0.0000, -4.5938e-05, 0.0893, 0.0001, 1.1383e-03, 1.0000e+07, 2694.37451, tmax
4.46, 0.00, 0.0248, 0.0000, 8.4697e-04, 0.0796, 0.0001, 8.5543e-02, 1.0000e+07, 2705.59302, tmax
7.45, 0.00, 0.0040, 0.0000, 2.7737e-05, 0.1275, 0.0000, -1.2167e-02, 1.0000e+07, 2744.88366, tmax
7.92, 0.00, 0.0009, 0.0000, 6.4324e-06, 0.1474, 0.0001, 1.4813e-01, 1.0000e+07, 2739.89703, tmax
4.73, 0.00, 0.0255, 0.0000, -9.2607e-04, 0.0823, 0.0000, 3.4445e-02, 1.0000e+07, 2695.30038, tmax
4.43, 0.00, 0.0247, 0.0000, -1.0487e-03, 0.0794, 0.0000, 2.5832e-02, 1.0000e+07, 2711.33390, tmax
8.36, 0.00, 0.0002, 0.0000, -4.8979e-06, 0.1900, 0.0001, 1.6156e-02, 1.0000e+07, 2678.87454, tmax
7.15, 0.00, 0.0098, 0.0000, -1.2754e-06, 0.1185, 0.0001, 4.5750e-03, 1.0000e+07, 2674.47343, tmax
5.84, 0.00, 0.0312, 0.0000, 1.0929e-04, 0.0947, 0.0001, 9.0809e-02, 1.0000e+07, 2687.08369, tmax
8.12, 0.00, 0.0005, 0.0000, -1.5122e-05, 0.1617, 0.0001, 3.1497e-02, 1.0000e+07, 2684.46610, tmax
3.99, 0.00, 0.0235, 0.0000, 2.3161e-03, 0.0751, 0.0000, 8.4607e-02, 1.0000e+07, 2740.75668, tmax
4.94, 0.00, 0.0261, 0.0000, 2.4982e-04, 0.0843, 0.0001, -8.5827e-03, 1.0000e+07, 2706.14871, tmax
6.31, 0.00, 0.0414, 0.0000, -1.0344e-04, 0.1015, 0.0001, 8.1472e-02, 1.0000e+07, 2736.92968, tmax
6.87, 0.00, 0.0242, 0.0000, -6.9237e-06, 0.1118, 0.0001, 5.0567e-03, 1.0000e+07, 2739.37646, tmax
5.37, 0.00, 0.0277, 0.0000, -2.9971e-04, 0.0889, 0.0001, 1.3965e-02, 1.0000e+07, 2676.20450, tmax
5.24, 0.00, 0.0271, 0.0000, 3.4625e-04, 0.0876, 0.0001, 8.8063e-02, 1.0000e+07, 2756.38344, tmax
3.52, 0.00, 0.0429, 0.0001, 1.3624e-03, 0.0748, 0.0001, -1.2884e-02, 1.0000e+07, 2767.18612, tmax
5.81, 0.00, 0.0309, 0.0000, -4.5941e-05, 0.0944, 0.0000, 4.1897e-03, 1.0000e+07, 2688.85385, tmax
8.45, 0.00, 0.0002, 0.0000, -9.5318e-06, 0.2078, 0.0002, -2.1810e-02, 1.0000e+07, 2687.10316, tmax
8.67, 0.00, 0.0001, 0.0000, -1.0598e-05, 0.1921, 0.1479, 1.4491e-01, 9.2212e+02, 0.24068, a>0.4R_H
7.28, 0.00, 0.0066, 0.0000, 2.5241e-05, 0.1222, 0.0002, -1.4652e-02, 1.0000e+07, 2711.98086, tmax
6.13, 0.00, 0.0360, 0.0000, 2.1260e-04, 0.0988, 0.0000, 1.0277e-01, 1.0000e+07, 2687.26734, tmax
8.25, 0.00, 0.0003, 0.0000, -1.9565e-05, 0.1744, 0.0002, 1.9697e-02, 1.0000e+07, 2682.69285, tmax
6.61, 0.00, 0.0460, 0.0000, -5.6459e-05, 0.1062, 0.0000, 9.2703e-02, 1.0000e+07, 2689.73351, tmax
3.84, 0.00, 0.0224, 0.0000, -2.0979e-03, 0.0738, 0.0001, 3.9671e-02, 1.0000e+07, 2736.15010, tmax
5.00, 0.00, 0.0263, 0.0000, 4.2202e-04, 0.0850, 0.0001, -1.2462e-02, 1.0000e+07, 2842.58911, tmax
4.84, 0.00, 0.0258, 0.0000, 4.0722e-04, 0.0833, 0.0000, -8.7143e-03, 1.0000e+07, 2850.54752, tmax
7.85, 0.00, 0.0012, 0.0000, -3.6114e-05, 0.1441, 0.0002, 5.6453e-02, 1.0000e+07, 2680.16601, tmax
3.77, 0.00, 0.0212, 0.0000, 9.7261e-04, 0.0731, 0.0001, -1.1517e-02, 1.0000e+07, 2742.49414, tmax
7.59, 0.00, 0.0026, 0.0000, 1.3389e-05, 0.1326, 0.0001, -9.9997e-03, 1.0000e+07, 2752.15665, tmax
4.06, 0.00, 0.0237, 0.0000, 2.0531e-04, 0.0757, 0.0001, 7.7770e-02, 1.0000e+07, 2799.43463, tmax
6.28, 0.00, 0.0403, 0.0000, -2.4649e-04, 0.1010, 0.0001, 4.6602e-02, 1.0000e+07, 2690.90136, tmax
4.67, 0.00, 0.0253, 0.0000, 7.3622e-04, 0.0816, 0.0000, 8.8295e-02, 1.0000e+07, 2751.28651, tmax
6.03, 0.00, 0.0339, 0.0000, -5.2068e-06, 0.0973, 0.0001, 8.9036e-02, 1.0000e+07, 2760.35864, tmax
7.90, 0.00, 0.0010, 0.0000, 1.0549e-05, 0.1465, 0.0001, 1.3922e-01, 1.0000e+07, 2760.68721, tmax
3.92, 0.00, 0.0231, 0.0000, -2.3494e-03, 0.0745, 0.0001, 5.1195e-02, 1.0000e+07, 2735.38104, tmax
5.96, 0.00, 0.0328, 0.0000, 9.2498e-05, 0.0962, 0.0001, -9.5772e-03, 1.0000e+07, 2792.31751, tmax
7.98, 0.00, 0.0008, 0.0000, 6.0683e-06, 0.1515, 0.0001, 1.4352e-01, 1.0000e+07, 2684.28315, tmax
4.71, 0.00, 0.0254, 0.0000, -9.0114e-04, 0.0820, 0.0001, 6.4692e-02, 1.0000e+07, 2695.99950, tmax
5.55, 0.00, 0.0287, 0.0000, -4.2969e-04, 0.0912, 0.0002, 6.8054e-02, 1.0000e+07, 2735.86658, tmax
8.74, 0.00, 0.0000, 0.0000, -1.4655e-05, 0.0552, 0.0552, 9.0030e-02, 8.5381e+02, 0.26585, a>0.4R_H
8.13, 0.00, 0.0005, 0.0000, -3.9198e-06, 0.1626, 0.0001, -1.9191e-02, 1.0000e+07, 2676.05527, tmax
8.77, 0.00, 0.0001, 0.0000, -1.3786e-06, 0.2946, 0.1248, 1.2734e-01, 8.8797e+02, 0.25365, a>0.4R_H
8.94, 0.00, 0.1400, 0.0784, 9.2130e-03, 0.8852, 0.5864, -9.5061e-02, 1.8442e+03, 0.54439, a>0.4R_H
3.73, 0.00, 0.0202, 0.0000, -6.5199e-04, 0.0726, 0.0002, 7.9864e-03, 1.0000e+07, 2804.37543, tmax
5.85, 0.00, 0.0313, 0.0000, -1.1503e-04, 0.0948, 0.0001, 8.1397e-02, 1.0000e+07, 2772.85752, tmax
4.96, 0.00, 0.0261, 0.0000, -3.7238e-04, 0.0846, 0.0000, 7.1848e-02, 1.0000e+07, 2697.85968, tmax
7.35, 0.00, 0.0053, 0.0000, -1.9471e-06, 0.1243, 0.0001, 1.0985e-01, 1.0000e+07, 2831.17126, tmax
6.18, 0.00, 0.0373, 0.0000, -2.4793e-04, 0.0994, 0.0001, 3.2530e-02, 1.0000e+07, 2687.25042, tmax
7.72, 0.00, 0.0018, 0.0000, 3.2527e-06, 0.1378, 0.0001, -1.1757e-02, 1.0000e+07, 2731.58937, tmax
3.58, 0.00, 0.0369, 0.0000, 1.5434e-04, 0.0727, 0.0000, -2.5547e-03, 1.0000e+07, 2830.54286, tmax
4.66, 0.00, 0.0253, 0.0000, -2.7166e-04, 0.0815, 0.0001, 7.6283e-02, 1.0000e+07, 2795.40453, tmax
5.07, 0.00, 0.0265, 0.0000, -7.5972e-04, 0.0856, 0.0000, 5.5945e-02, 1.0000e+07, 2839.88768, tmax
4.31, 0.00, 0.0245, 0.0000, 3.0126e-04, 0.0782, 0.0001, 7.9147e-02, 1.0000e+07, 2793.67670, tmax
7.52, 0.00, 0.0032, 0.0000, 8.0151e-06, 0.1301, 0.0001, -1.2679e-03, 1.0000e+07, 2796.17109, tmax
8.79, 0.00, 0.0001, 0.0001, -1.1783e-05, 0.2290, 0.2290, 1.0967e-01, 8.5381e+02, 0.24757, a>0.4R_H
3.64, 0.00, 0.0267, 0.0000, 5.2314e-03, 0.0723, 0.0001, 8.4617e-02, 1.0000e+07, 2913.12125, tmax
5.90, 0.00, 0.0319, 0.0000, -1.4037e-04, 0.0954, 0.0000, 8.4347e-02, 1.0000e+07, 2835.79925, tmax
6.75, 0.00, 0.0350, 0.0000, 1.4970e-04, 0.1094, 0.0000, 1.1523e-01, 1.0000e+07, 2699.95974, tmax
4.97, 0.00, 0.0262, 0.0000, -8.0328e-04, 0.0846, 0.0000, 3.7299e-02, 1.0000e+07, 2839.96071, tmax
8.14, 0.00, 0.0005, 0.0000, -1.6073e-05, 0.1637, 0.0001, 8.5533e-03, 1.0000e+07, 2838.10989, tmax
4.93, 0.00, 0.0260, 0.0000, 1.2140e-03, 0.0843, 0.0001, 9.2017e-02, 1.0000e+07, 2805.32334, tmax
7.24, 0.00, 0.0074, 0.0000, -7.2057e-05, 0.1211, 0.0001, 3.5697e-02, 1.0000e+07, 2828.38415, tmax
8.63, 0.00, 0.0001, 0.0000, 4.3215e-06, 0.1722, 0.1083, 2.3313e-01, 9.5627e+02, 0.27894, a>0.4R_H
7.03, 0.00, 0.0144, 0.0000, -8.6389e-05, 0.1158, 0.0001, 6.5926e-02, 1.0000e+07, 2835.30287, tmax
5.39, 0.00, 0.0278, 0.0000, 4.3740e-04, 0.0892, 0.0000, 9.3046e-02, 1.0000e+07, 2699.21441, tmax
6.50, 0.00, 0.0474, 0.0000, -1.2494e-04, 0.1047, 0.0001, 7.9026e-02, 1.0000e+07, 2701.59207, tmax
8.09, 0.00, 0.0006, 0.0000, -1.4322e-05, 0.1595, 0.0001, 1.1411e-01, 1.0000e+07, 2763.95675, tmax
7.67, 0.00, 0.0020, 0.0000, -4.1458e-05, 0.1357, 0.0001, 7.9161e-02, 1.0000e+07, 2700.47674, tmax
8.54, 0.00, 0.0001, 0.0000, -2.1752e-06, 0.2339, 0.0002, 3.3783e-03, 1.0000e+07, 2712.08158, tmax
3.98, 0.00, 0.0234, 0.0000, -1.8891e-03, 0.0750, 0.0001, 5.6901e-02, 1.0000e+07, 2772.65787, tmax
8.15, 0.00, 0.0005, 0.0000, -2.7027e-05, 0.1641, 0.0001, 8.2432e-02, 1.0000e+07, 2737.19992, tmax
7.12, 0.00, 0.0108, 0.0000, -3.6572e-05, 0.1180, 0.0000, 9.6368e-02, 1.0000e+07, 2681.62378, tmax
6.36, 0.00, 0.0432, 0.0000, 1.9998e-04, 0.1025, 0.0001, 1.0749e-01, 1.0000e+07, 2680.62980, tmax
5.78, 0.00, 0.0306, 0.0000, 2.2093e-04, 0.0938, 0.0000, -1.1964e-02, 1.0000e+07, 2784.15541, tmax
7.81, 0.00, 0.0013, 0.0000, 1.7470e-05, 0.1420, 0.0001, -9.3054e-03, 1.0000e+07, 2731.54927, tmax
4.64, 0.00, 0.0252, 0.0000, -1.0848e-03, 0.0813, 0.0001, 3.6438e-02, 1.0000e+07, 2764.48294, tmax
4.22, 0.00, 0.0445, 0.0000, 1.0544e-03, 0.0968, 0.0000, 8.7037e-02, 1.0000e+07, 2812.02761, tmax
8.41, 0.00, 0.0002, 0.0000, 1.3539e-07, 0.1995, 0.0000, 1.6862e-01, 1.0000e+07, 2708.94361, tmax
8.38, 0.00, 0.0002, 0.0000, -4.8148e-06, 0.1933, 0.0002, -2.8850e-02, 1.0000e+07, 2678.44494, tmax
7.29, 0.00, 0.0064, 0.0000, -5.1666e-05, 0.1225, 0.0001, 2.8389e-02, 1.0000e+07, 2677.73312, tmax
6.72, 0.00, 0.0378, 0.0000, 9.6997e-05, 0.1089, 0.0001, 1.1100e-01, 1.0000e+07, 2682.27658, tmax
4.54, 0.00, 0.0250, 0.0000, -1.1457e-03, 0.0804, 0.0000, 5.6889e-02, 1.0000e+07, 2734.61986, tmax
6.43, 0.00, 0.0456, 0.0000, -8.3547e-05, 0.1034, 0.0002, 8.2069e-02, 1.0000e+07, 2729.24166, tmax
5.80, 0.00, 0.0308, 0.0000, -1.7416e-04, 0.0942, 0.0001, 8.1229e-02, 1.0000e+07, 2693.89201, tmax
6.90, 0.00, 0.0219, 0.0000, -1.0095e-04, 0.1127, 0.0001, 3.2437e-02, 1.0000e+07, 2677.78792, tmax
4.12, 0.00, 0.0239, 0.0000, -1.5014e-03, 0.0763, 0.0000, 3.0197e-02, 1.0000e+07, 2889.97219, tmax
7.62, 0.00, 0.0024, 0.0000, -4.1833e-05, 0.1336, 0.0000, 5.6150e-02, 1.0000e+07, 2758.92912, tmax
8.62, 0.00, 0.0001, 0.0000, -1.2834e-05, 0.2046, 0.0200, 1.7506e-01, 1.2295e+03, 0.34716, a>0.4R_H
5.15, 0.00, 0.0268, 0.0000, -5.6819e-04, 0.0864, 0.0001, 6.2818e-02, 1.0000e+07, 2685.66674, tmax
6.64, 0.00, 0.0444, 0.0000, -9.8927e-05, 0.1074, 0.0001, 8.5976e-02, 1.0000e+07, 2692.81330, tmax
8.85, 0.00, 0.0001, 0.0001, -8.9606e-06, 0.1033, 0.1033, 2.1919e-01, 8.5381e+02, 0.22926, a>0.4R_H
8.10, 0.00, 0.0005, 0.0000, -2.1717e-05, 0.1601, 0.0001, 1.2184e-01, 1.0000e+07, 2762.43985, tmax
8.05, 0.00, 0.0006, 0.0000, -1.1676e-06, 0.1562, 0.0002, -2.3522e-02, 1.0000e+07, 2792.15436, tmax
5.11, 0.00, 0.0267, 0.0000, -5.0577e-04, 0.0861, 0.0001, 6.8826e-02, 1.0000e+07, 2715.92515, tmax
7.33, 0.00, 0.0057, 0.0000, 2.9912e-05, 0.1237, 0.0001, 1.2280e-01, 1.0000e+07, 2691.51729, tmax
8.02, 0.00, 0.0007, 0.0000, -6.8471e-07, 0.1540, 0.0002, -1.9317e-02, 1.0000e+07, 2670.28231, tmax
8.88, 0.00, 0.0003, 0.0003, -1.1391e-05, 0.3097, 0.3097, 2.3912e-01, 8.5381e+02, 0.22536, a>0.4R_H
8.29, 0.00, 0.0003, 0.0000, -1.7086e-05, 0.1796, 0.0001, 1.0539e-01, 1.0000e+07, 2798.50947, tmax
4.74, 0.00, 0.0255, 0.0000, 2.7157e-04, 0.0822, 0.0000, 8.5410e-02, 1.0000e+07, 2720.17917, tmax
6.25, 0.00, 0.0394, 0.0000, 1.5761e-04, 0.1005, 0.0001, 1.0629e-01, 1.0000e+07, 2763.01321, tmax
7.69, 0.00, 0.0019, 0.0000, -4.0194e-05, 0.1365, 0.0001, 4.1675e-02, 1.0000e+07, 2808.24220, tmax
8.82, 0.00, 0.0000, 0.0000, -1.2849e-05, 0.2696, 0.2696, 4.4476e-03, 8.5381e+02, 0.25769, a>0.4R_H
7.41, 0.00, 0.0045, 0.0000, -1.0958e-05, 0.1263, 0.0001, 1.0958e-01, 1.0000e+07, 2690.91421, tmax
5.99, 0.00, 0.0333, 0.0000, 1.8852e-04, 0.0967, 0.0001, -1.1391e-02, 1.0000e+07, 2849.89814, tmax
8.07, 0.00, 0.0006, 0.0000, -2.9878e-05, 0.1578, 0.0001, 1.0055e-01, 1.0000e+07, 2760.00147, tmax
3.90, 0.00, 0.0230, 0.0000, -2.4076e-03, 0.0743, 0.0001, 5.1001e-02, 1.0000e+07, 2780.48624, tmax
3.60, 0.00, 0.0349, 0.0000, -2.2782e-03, 0.0725, 0.0001, 3.2717e-02, 1.0000e+07, 2750.06845, tmax
8.95, 0.00, 0.0238, 0.0238, -1.5094e-02, 48286.8735, 1.0000, -1.0024e+00, 8.5381e+02, 0.23833, a<0
5.16, 0.00, 0.0268, 0.0000, 2.7154e-04, 0.0866, 0.0000, -1.0604e-02, 1.0000e+07, 2700.49024, tmax
4.08, 0.00, 0.0238, 0.0000, 1.0090e-04, 0.0760, 0.0000, 1.4496e-04, 1.0000e+07, 2746.48821, tmax
8.92, 0.00, 0.0005, 0.0005, -7.7820e-06, 48360.6242, 1.0000, -1.0024e+00, 8.5381e+02, 0.22902, a<0
4.07, 0.00, 0.0237, 0.0000, 6.9116e-04, 0.0756, 0.0000, -1.0554e-02, 1.0000e+07, 2892.02240, tmax
6.08, 0.00, 0.0349, 0.0000, 3.8348e-05, 0.0981, 0.0000, -2.9347e-03, 1.0000e+07, 2689.17418, tmax
4.92, 0.00, 0.0260, 0.0000, -5.9903e-04, 0.0841, 0.0001, 6.7839e-02, 1.0000e+07, 2776.28410, tmax
7.20, 0.00, 0.0084, 0.0000, 1.1797e-05, 0.1201, 0.0000, -5.9082e-03, 1.0000e+07, 2722.51478, tmax
6.16, 0.00, 0.0368, 0.0000, -2.6252e-04, 0.0991, 0.0002, 5.9978e-02, 1.0000e+07, 2797.93021, tmax
6.20, 0.00, 0.0378, 0.0000, 6.7640e-05, 0.0998, 0.0001, -8.5242e-03, 1.0000e+07, 2697.75698, tmax
3.78, 0.00, 0.0214, 0.0000, 3.9593e-03, 0.0732, 0.0001, 8.6480e-02, 1.0000e+07, 2887.92025, tmax
5.69, 0.00, 0.0297, 0.0000, -3.0744e-04, 0.0926, 0.0001, 2.4784e-02, 1.0000e+07, 2734.95874, tmax
6.95, 0.00, 0.0186, 0.0000, -2.8332e-05, 0.1139, 0.0001, 8.2449e-03, 1.0000e+07, 2673.01844, tmax
5.49, 0.00, 0.0284, 0.0000, -4.8153e-04, 0.0904, 0.0001, 3.1436e-02, 1.0000e+07, 2796.49184, tmax
4.02, 0.00, 0.0236, 0.0000, -1.8924e-03, 0.0754, 0.0001, 3.9408e-02, 1.0000e+07, 2823.31776, tmax
6.76, 0.00, 0.0340, 0.0000, -1.3383e-04, 0.1097, 0.0001, 5.4036e-02, 1.0000e+07, 2702.69192, tmax
7.60, 0.00, 0.0025, 0.0000, 2.7366e-05, 0.1329, 0.0001, 1.3750e-01, 1.0000e+07, 2833.40629, tmax
4.49, 0.00, 0.0249, 0.0000, -1.4334e-03, 0.0798, 0.0000, 4.9018e-02, 1.0000e+07, 2703.05856, tmax
4.39, 0.00, 0.0247, 0.0000, 1.9941e-03, 0.0790, 0.0000, 8.7313e-02, 1.0000e+07, 2732.74654, tmax
3.69, 0.00, 0.0190, 0.0000, 2.4687e-03, 0.0718, 0.0000, 8.2790e-02, 1.0000e+07, 2873.23963, tmax
4.65, 0.00, 0.0252, 0.0000, 1.2714e-03, 0.0813, 0.0001, 9.2143e-02, 1.0000e+07, 2837.57259, tmax
8.47, 0.00, 0.0002, 0.0000, -3.7208e-06, 0.2133, 0.0004, -2.2116e-02, 1.0000e+07, 2789.65075, tmax
7.34, 0.00, 0.0055, 0.0000, 2.8777e-05, 0.1240, 0.0001, -9.2535e-03, 1.0000e+07, 2801.36420, tmax
4.21, 0.00, 0.4954, 0.0001, 1.5918e+00, 0.7067, 0.0001, -3.2469e-01, 7.4476e+06, 2085.13928, collision
8.35, 0.00, 0.0002, 0.0000, 1.2547e-06, 0.1880, 0.0002, -1.6732e-02, 1.0000e+07, 2674.80207, tmax
6.97, 0.00, 0.0174, 0.0000, 6.5596e-05, 0.1144, 0.0000, -1.4940e-02, 1.0000e+07, 2682.17974, tmax
7.05, 0.00, 0.0134, 0.0000, -9.8677e-05, 0.1160, 0.0001, 5.8151e-02, 1.0000e+07, 2813.98858, tmax
7.95, 0.00, 0.0009, 0.0000, -3.1084e-05, 0.1494, 0.0001, 3.2233e-02, 1.0000e+07, 2674.07962, tmax
4.90, 0.00, 0.0260, 0.0000, 3.8109e-04, 0.0840, 0.0000, -1.0065e-02, 1.0000e+07, 2693.24617, tmax
4.11, 0.00, 0.0238, 0.0000, 2.1109e-03, 0.0762, 0.0000, 8.6042e-02, 1.0000e+07, 2732.41917, tmax
6.34, 0.00, 0.0424, 0.0000, -1.9489e-04, 0.1020, 0.0001, 7.2623e-02, 1.0000e+07, 2718.35587, tmax
4.18, 0.00, 0.0239, 0.0000, 1.9596e-03, 0.0768, 0.0000, 8.7332e-02, 1.0000e+07, 2721.30820, tmax
7.43, 0.00, 0.0042, 0.0000, -2.3591e-05, 0.1269, 0.0001, 1.0188e-01, 1.0000e+07, 2684.23718, tmax
4.38, 0.00, 0.0246, 0.0000, 2.1121e-03, 0.0788, 0.0001, 9.0331e-02, 1.0000e+07, 2761.16110, tmax
5.60, 0.00, 0.0291, 0.0000, 4.1109e-04, 0.0913, 0.0001, 9.8812e-02, 1.0000e+07, 2746.19464, tmax
3.86, 0.00, 0.0226, 0.0000, -1.7794e-03, 0.0739, 0.0000, 6.7752e-02, 1.0000e+07, 2736.55338, tmax
7.30, 0.00, 0.0062, 0.0000, -7.7050e-05, 0.1229, 0.0000, 3.7359e-02, 1.0000e+07, 2677.71191, tmax
8.31, 0.00, 0.0003, 0.0000, -1.5355e-05, 0.1823, 0.0002, 9.4740e-02, 1.0000e+07, 2685.79900, tmax
3.68, 0.00, 0.0189, 0.0000, 1.4416e-04, 0.0719, 0.0000, -2.1555e-03, 1.0000e+07, 2747.02159, tmax
3.71, 0.00, 0.0196, 0.0000, 4.1910e-03, 0.0721, 0.0001, 8.5715e-02, 1.0000e+07, 2744.19448, tmax
5.35, 0.00, 0.0276, 0.0000, -2.3301e-04, 0.0888, 0.0000, 7.7469e-02, 1.0000e+07, 2842.44317, tmax
5.73, 0.00, 0.0301, 0.0000, 3.1264e-05, 0.0933, 0.0000, -3.0056e-03, 1.0000e+07, 2689.98783, tmax
8.53, 0.00, 0.0001, 0.0000, -1.3139e-05, 0.2323, 0.0001, 2.3849e-02, 1.0000e+07, 2679.00960, tmax
7.01, 0.00, 0.0153, 0.0000, -1.0952e-04, 0.1153, 0.0000, 5.6174e-02, 1.0000e+07, 2682.22208, tmax
6.82, 0.00, 0.0284, 0.0000, 2.9443e-05, 0.1108, 0.0001, -2.6932e-03, 1.0000e+07, 2782.99491, tmax
6.45, 0.00, 0.0463, 0.0000, -1.6530e-04, 0.1038, 0.0001, 3.2384e-02, 1.0000e+07, 2717.42435, tmax
8.91, 0.00, 0.0003, 0.0003, -1.1267e-05, 43643.4268, 1.0000, -1.0026e+00, 8.5381e+02, 0.24027, a<0
6.88, 0.00, 0.0234, 0.0000, 6.4858e-05, 0.1121, 0.0001, 1.1491e-01, 1.0000e+07, 2792.92123, tmax
6.85, 0.00, 0.0258, 0.0000, 6.6739e-05, 0.1116, 0.0001, -1.1017e-02, 1.0000e+07, 2714.53632, tmax
3.80, 0.00, 0.0218, 0.0000, 2.2724e-03, 0.0734, 0.0001, 8.3149e-02, 1.0000e+07, 2838.69060, tmax
8.17, 0.00, 0.0004, 0.0000, -1.7151e-05, 0.1656, 0.0001, 9.5504e-02, 1.0000e+07, 2803.95661, tmax
6.44, 0.00, 0.0460, 0.0000, 3.4497e-05, 0.1037, 0.0001, 1.0270e-01, 1.0000e+07, 2716.91373, tmax
6.66, 0.00, 0.0430, 0.0000, 4.5490e-06, 0.1077, 0.0001, 1.0935e-03, 1.0000e+07, 2841.67082, tmax
6.39, 0.00, 0.0443, 0.0000, 1.1765e-04, 0.1029, 0.0001, -1.1918e-02, 1.0000e+07, 2696.58154, tmax
6.15, 0.00, 0.0365, 0.0000, -3.2867e-06, 0.0992, 0.0001, 1.2667e-03, 1.0000e+07, 2685.57129, tmax
6.35, 0.00, 0.0428, 0.0000, -1.8474e-04, 0.1021, 0.0001, 7.0681e-02, 1.0000e+07, 2757.34931, tmax
5.25, 0.00, 0.0272, 0.0000, -6.5722e-04, 0.0876, 0.0001, 3.8156e-02, 1.0000e+07, 2744.86177, tmax
8.99, 0.00, 0.0001, 0.0001, -1.1245e-05, 66830.5515, 1.0000, -1.0018e+00, 8.5381e+02, 0.22187, a<0
7.73, 0.00, 0.0017, 0.0000, 2.5940e-07, 0.1383, 0.0001, 1.1650e-01, 1.0000e+07, 2735.60176, tmax
6.65, 0.00, 0.0437, 0.0000, 3.7706e-05, 0.1073, 0.0001, 1.0033e-01, 1.0000e+07, 2684.45227, tmax
5.06, 0.00, 0.0265, 0.0000, 8.2830e-04, 0.0855, 0.0001, 9.1529e-02, 1.0000e+07, 2848.91534, tmax
3.55, 0.00, 0.0391, 0.0001, -2.0183e-03, 0.0733, 0.0001, 2.5999e-02, 1.0000e+07, 2759.52568, tmax
7.70, 0.00, 0.0019, 0.0000, -4.4616e-05, 0.1369, 0.0001, 4.5101e-02, 1.0000e+07, 2715.19669, tmax
7.64, 0.00, 0.0022, 0.0000, 2.4778e-05, 0.1345, 0.0001, 1.3531e-01, 1.0000e+07, 2674.47652, tmax
3.72, 0.00, 0.0199, 0.0000, 1.0620e-03, 0.0724, 0.0001, -1.1907e-02, 1.0000e+07, 2745.68736, tmax
7.99, 0.00, 0.0008, 0.0000, -3.6107e-05, 0.1522, 0.0002, 6.6675e-02, 1.0000e+07, 2725.77447, tmax
7.75, 0.00, 0.0016, 0.0000, -3.9966e-05, 0.1391, 0.0000, 7.7185e-02, 1.0000e+07, 2752.74377, tmax
5.89, 0.00, 0.0318, 0.0000, -1.6413e-04, 0.0954, 0.0001, 1.6324e-02, 1.0000e+07, 2844.29072, tmax
7.00, 0.00, 0.0158, 0.0000, 2.8311e-05, 0.1150, 0.0001, -3.4318e-03, 1.0000e+07, 2767.74037, tmax
7.94, 0.00, 0.0009, 0.0000, -2.7201e-05, 0.1490, 0.0000, 3.3091e-02, 1.0000e+07, 2677.85922, tmax
5.53, 0.00, 0.0286, 0.0000, -4.4227e-04, 0.0909, 0.0000, 7.0105e-02, 1.0000e+07, 2792.88317, tmax
4.35, 0.00, 0.0246, 0.0000, 2.1418e-03, 0.0786, 0.0001, 8.9705e-02, 1.0000e+07, 2743.67223, tmax
4.33, 0.00, 0.0246, 0.0000, -1.3971e-03, 0.0784, 0.0000, 4.3486e-02, 1.0000e+07, 2871.74774, tmax
5.51, 0.00, 0.0285, 0.0000, -1.7785e-04, 0.0905, 0.0001, 9.0423e-03, 1.0000e+07, 2681.92466, tmax
7.36, 0.00, 0.0052, 0.0000, -4.6155e-05, 0.1246, 0.0000, 3.0410e-02, 1.0000e+07, 2720.98818, tmax
4.69, 0.00, 0.0253, 0.0000, 4.5362e-04, 0.0818, 0.0001, -8.4735e-03, 1.0000e+07, 2717.31023, tmax
8.80, 0.00, 0.0001, 0.0001, -1.3552e-05, 0.2121, 0.2121, 1.1482e-01, 8.5381e+02, 0.22587, a>0.4R_H
8.68, 0.00, 0.0001, 0.0000, 2.1747e-06, 0.2478, 0.0086, 2.3377e-01, 9.5627e+02, 0.25217, a>0.4R_H
4.15, 0.00, 0.0239, 0.0000, 1.4072e-04, 0.0766, 0.0001, -2.2599e-03, 1.0000e+07, 2882.76024, tmax
3.74, 0.00, 0.0205, 0.0000, 1.5475e-03, 0.0727, 0.0001, 8.0215e-02, 1.0000e+07, 2775.80423, tmax
6.46, 0.00, 0.0465, 0.0000, -1.2000e-04, 0.1038, 0.0000, 1.5807e-02, 1.0000e+07, 2741.85486, tmax
7.17, 0.00, 0.0092, 0.0000, -3.1691e-05, 0.1191, 0.0000, 5.8205e-03, 1.0000e+07, 2842.15331, tmax
8.90, 0.00, 0.0002, 0.0002, -1.1311e-05, 36364.5921, 1.0000, -1.0030e+00, 8.5381e+02, 0.24422, a<0
6.02, 0.00, 0.0338, 0.0000, -7.4210e-05, 0.0972, 0.0001, 8.7842e-02, 1.0000e+07, 2687.59116, tmax
6.51, 0.00, 0.0476, 0.0000, -5.0139e-06, 0.1047, 0.0002, 9.3171e-02, 1.0000e+07, 2728.41157, tmax
5.66, 0.00, 0.0295, 0.0000, 2.5029e-04, 0.0924, 0.0001, 9.3517e-02, 1.0000e+07, 2867.03261, tmax
5.98, 0.00, 0.0331, 0.0000, 1.1942e-04, 0.0966, 0.0001, 9.4725e-02, 1.0000e+07, 2835.86983, tmax
6.26, 0.00, 0.0397, 0.0000, -2.4376e-04, 0.1009, 0.0001, 4.1400e-02, 1.0000e+07, 2694.78638, tmax
3.75, 0.00, 0.0207, 0.0000, -2.1046e-03, 0.0729, 0.0002, 3.0228e-02, 1.0000e+07, 2903.87791, tmax
8.43, 0.00, 0.0002, 0.0000, -1.8427e-05, 0.2031, 0.0002, 9.5327e-02, 1.0000e+07, 2692.90315, tmax
7.88, 0.00, 0.0011, 0.0000, -3.2460e-05, 0.1456, 0.0002, 6.8813e-02, 1.0000e+07, 2683.50885, tmax
7.06, 0.00, 0.0130, 0.0000, 5.9257e-05, 0.1164, 0.0002, -1.3356e-02, 1.0000e+07, 2682.83789, tmax
4.04, 0.00, 0.0236, 0.0000, -1.2222e-03, 0.0756, 0.0000, 2.0740e-02, 1.0000e+07, 2726.55763, tmax
8.87, 0.00, 0.0002, 0.0002, -2.2480e-05, 0.3750, 0.3750, 2.6807e-02, 8.5381e+02, 0.22942, a>0.4R_H
8.76, 0.00, 0.0000, 0.0000, -4.7031e-06, 0.3089, 0.3089, 2.0132e-01, 8.5381e+02, 0.22694, a>0.4R_H
7.83, 0.00, 0.0013, 0.0000, 6.9736e-06, 0.1430, 0.0001, 1.3262e-01, 1.0000e+07, 2680.43330, tmax
6.19, 0.00, 0.0376, 0.0000, 1.2506e-04, 0.0996, 0.0001, -1.0430e-02, 1.0000e+07, 2687.59901, tmax
6.92, 0.00, 0.0205, 0.0000, -1.1598e-04, 0.1130, 0.0000, 3.8960e-02, 1.0000e+07, 2684.14300, tmax
6.49, 0.00, 0.0473, 0.0000, -4.2800e-05, 0.1045, 0.0002, 8.9161e-02, 1.0000e+07, 2695.31916, tmax
6.57, 0.00, 0.0474, 0.0000, 2.0970e-04, 0.1061, 0.0000, 1.1344e-01, 1.0000e+07, 2700.86183, tmax
6.63, 0.00, 0.0450, 0.0000, 9.2814e-05, 0.1069, 0.0001, -1.5153e-02, 1.0000e+07, 2695.91004, tmax
6.42, 0.00, 0.0453, 0.0000, 1.1996e-04, 0.1032, 0.0001, -1.3626e-02, 1.0000e+07, 2785.60443, tmax
5.48, 0.00, 0.0283, 0.0000, -4.3491e-04, 0.0902, 0.0001, 6.2559e-02, 1.0000e+07, 2817.19675, tmax
8.11, 0.00, 0.0005, 0.0000, -1.7233e-05, 0.1610, 0.0000, 6.6764e-02, 1.0000e+07, 2726.49928, tmax
7.04, 0.00, 0.0139, 0.0000, -5.2065e-05, 0.1159, 0.0001, 1.6760e-02, 1.0000e+07, 2808.44915, tmax
7.46, 0.00, 0.0038, 0.0000, 7.1080e-06, 0.1277, 0.0001, -9.3353e-03, 1.0000e+07, 2681.53310, tmax
7.97, 0.00, 0.0008, 0.0000, 9.8476e-06, 0.1508, 0.0002, 1.4462e-01, 1.0000e+07, 2729.29208, tmax
5.97, 0.00, 0.0329, 0.0000, -1.5924e-05, 0.0964, 0.0001, 5.0057e-04, 1.0000e+07, 2682.92683, tmax
3.81, 0.00, 0.0220, 0.0000, -2.0316e-03, 0.0735, 0.0001, 6.2690e-02, 1.0000e+07, 2741.45475, tmax
5.05, 0.00, 0.0264, 0.0000, 4.1781e-04, 0.0854, 0.0001, -1.2084e-02, 1.0000e+07, 2848.52380, tmax
7.55, 0.00, 0.0029, 0.0000, 1.9719e-05, 0.1311, 0.0001, 1.2459e-01, 1.0000e+07, 2760.52175, tmax
4.40, 0.00, 0.0247, 0.0000, -1.4086e-03, 0.0790, 0.0000, 4.5055e-02, 1.0000e+07, 2756.95791, tmax
8.46, 0.00, 0.0002, 0.0000, -6.3159e-06, 0.2107, 0.0001, -1.0633e-02, 1.0000e+07, 2813.71624, tmax
4.25, 0.00, 0.0246, 0.0000, -1.2458e-03, 0.0778, 0.0001, 3.0034e-02, 1.0000e+07, 2719.77098, tmax
4.81, 0.00, 0.0257, 0.0000, 2.7515e-04, 0.0831, 0.0000, 8.6031e-02, 1.0000e+07, 2700.59148, tmax
7.56, 0.00, 0.0028, 0.0000, -4.0759e-05, 0.1311, 0.0001, 8.3498e-02, 1.0000e+07, 2710.22583, tmax
5.26, 0.00, 0.0272, 0.0000, -3.3319e-04, 0.0877, 0.0000, 1.7074e-02, 1.0000e+07, 2694.44904, tmax
3.85, 0.00, 0.0225, 0.0000, -2.1584e-03, 0.0739, 0.0000, 3.3435e-02, 1.0000e+07, 2841.60257, tmax
6.24, 0.00, 0.0390, 0.0000, 9.3422e-05, 0.1004, 0.0001, -1.2840e-02, 1.0000e+07, 2740.33627, tmax
6.12, 0.00, 0.0358, 0.0000, -1.4408e-07, 0.0986, 0.0000, 8.9311e-02, 1.0000e+07, 2692.26983, tmax
4.60, 0.00, 0.0251, 0.0000, -8.7355e-04, 0.0810, 0.0001, 2.3509e-02, 1.0000e+07, 2860.77466, tmax
4.55, 0.00, 0.0250, 0.0000, -1.1416e-03, 0.0803, 0.0001, 3.7782e-02, 1.0000e+07, 2716.41864, tmax
7.40, 0.00, 0.0046, 0.0000, -6.1927e-05, 0.1260, 0.0001, 3.9592e-02, 1.0000e+07, 2852.39513, tmax
4.48, 0.00, 0.0248, 0.0000, -1.2519e-03, 0.0798, 0.0001, 4.5600e-02, 1.0000e+07, 2708.22249, tmax
6.07, 0.00, 0.0347, 0.0000, -1.5310e-04, 0.0980, 0.0000, 8.1221e-02, 1.0000e+07, 2838.46580, tmax
4.86, 0.00, 0.0258, 0.0000, 1.1999e-03, 0.0836, 0.0001, 9.1496e-02, 1.0000e+07, 2701.68778, tmax
6.14, 0.00, 0.0363, 0.0000, -2.6540e-04, 0.0989, 0.0001, 6.7519e-02, 1.0000e+07, 2690.54514, tmax
7.86, 0.00, 0.0011, 0.0000, 9.2586e-06, 0.1444, 0.0001, -1.5526e-02, 1.0000e+07, 2777.38209, tmax
3.96, 0.00, 0.0234, 0.0000, -6.6998e-04, 0.0749, 0.0000, 7.5316e-02, 1.0000e+07, 2774.19698, tmax
3.76, 0.00, 0.0210, 0.0000, -2.7199e-04, 0.0730, 0.0001, 3.2067e-03, 1.0000e+07, 2907.85836, tmax
5.76, 0.00, 0.0304, 0.0000, 4.3774e-04, 0.0936, 0.0001, 1.0289e-01, 1.0000e+07, 2838.14157, tmax
5.04, 0.00, 0.0264, 0.0000, 4.5488e-06, 0.0854, 0.0001, -1.6882e-03, 1.0000e+07, 2690.78891, tmax
4.13, 0.00, 0.0239, 0.0000, -1.6329e-03, 0.0764, 0.0000, 4.0810e-02, 1.0000e+07, 2721.91536, tmax
4.57, 0.00, 0.0250, 0.0000, -1.1981e-03, 0.0807, 0.0000, 5.0587e-02, 1.0000e+07, 2722.27046, tmax
3.59, 0.00, 0.0360, 0.0000, 7.5970e-05, 0.0726, 0.0000, -1.1459e-03, 1.0000e+07, 2762.38378, tmax
7.91, 0.00, 0.0010, 0.0000, -1.6507e-05, 0.1473, 0.0002, 1.1641e-01, 1.0000e+07, 2673.09490, tmax
5.94, 0.00, 0.0325, 0.0000, 4.1458e-04, 0.0960, 0.0000, 1.0310e-01, 1.0000e+07, 2703.12819, tmax
8.37, 0.00, 0.0002, 0.0000, -1.0863e-05, 0.1914, 0.0001, 7.6190e-03, 1.0000e+07, 2692.09279, tmax
5.74, 0.00, 0.0302, 0.0000, -2.3762e-04, 0.0935, 0.0000, 1.8257e-02, 1.0000e+07, 2773.20773, tmax
3.57, 0.00, 0.0377, 0.0000, 4.6532e-04, 0.0729, 0.0001, -9.3576e-03, 1.0000e+07, 2870.12758, tmax
7.51, 0.00, 0.0033, 0.0000, -8.2038e-06, 0.1295, 0.0001, 2.0565e-03, 1.0000e+07, 2688.17585, tmax
4.72, 0.00, 0.0254, 0.0000, -1.0524e-03, 0.0821, 0.0001, 4.2642e-02, 1.0000e+07, 2868.67323, tmax
3.82, 0.00, 0.0221, 0.0000, 7.6931e-04, 0.0736, 0.0001, 8.1922e-02, 1.0000e+07, 2740.24297, tmax
5.33, 0.00, 0.0275, 0.0000, 7.2874e-04, 0.0884, 0.0001, 9.8293e-02, 1.0000e+07, 2844.51371, tmax
6.29, 0.00, 0.0407, 0.0000, -1.4785e-04, 0.1014, 0.0001, 8.1837e-02, 1.0000e+07, 2763.60979, tmax
4.29, 0.00, 0.0245, 0.0000, -1.3739e-03, 0.0780, 0.0000, 5.6126e-02, 1.0000e+07, 2777.58405, tmax
5.47, 0.00, 0.0283, 0.0000, 8.1219e-05, 0.0902, 0.0001, -3.6520e-03, 1.0000e+07, 2743.06371, tmax
5.27, 0.00, 0.0273, 0.0000, -5.9007e-04, 0.0879, 0.0001, 3.5312e-02, 1.0000e+07, 2817.44746, tmax
5.57, 0.00, 0.0289, 0.0000, 6.3313e-04, 0.0914, 0.0001, 1.0121e-01, 1.0000e+07, 2732.15683, tmax
7.32, 0.00, 0.0058, 0.0000, -7.1460e-05, 0.1232, 0.0001, 3.3950e-02, 1.0000e+07, 2670.13493, tmax
7.26, 0.00, 0.0070, 0.0000, 2.9093e-05, 0.1218, 0.0001, -8.2434e-03, 1.0000e+07, 2769.52846, tmax
5.14, 0.00, 0.0268, 0.0000, 8.9018e-04, 0.0865, 0.0001, 9.3618e-02, 1.0000e+07, 2643.96315, tmax
7.25, 0.00, 0.0072, 0.0000, -7.5254e-05, 0.1213, 0.0001, 5.7950e-02, 1.0000e+07, 2634.79840, tmax
6.94, 0.00, 0.0192, 0.0000, 4.7006e-05, 0.1136, 0.0000, 1.1268e-01, 1.0000e+07, 2634.03684, tmax
4.58, 0.00, 0.0251, 0.0001, -6.4387e-04, 0.0807, 0.0000, 7.0290e-02, 1.0000e+07, 2658.54286, tmax
8.26, 0.00, 0.0003, 0.0000, -1.6431e-05, 0.1755, 0.0001, 1.0656e-02, 1.0000e+07, 2638.52387, tmax
5.54, 0.00, 0.0287, 0.0000, -5.4770e-04, 0.0910, 0.0001, 5.5817e-02, 1.0000e+07, 2636.57597, tmax
5.08, 0.00, 0.0266, 0.0000, 1.2812e-04, 0.0858, 0.0001, 8.3237e-02, 1.0000e+07, 2643.47151, tmax
4.41, 0.00, 0.0247, 0.0000, 5.6636e-04, 0.0790, 0.0000, -1.1849e-02, 1.0000e+07, 2660.04973, tmax
7.14, 0.00, 0.0101, 0.0000, 5.0644e-05, 0.1184, 0.0001, 1.1705e-01, 1.0000e+07, 2634.44965, tmax
3.51, 0.00, 0.0456, 0.0000, -5.1454e-04, 0.0759, 0.0001, -1.9831e-03, 1.0000e+07, 2833.90749, tmax
6.56, 0.00, 0.0475, 0.0000, -1.2965e-04, 0.1057, 0.0001, 8.0612e-02, 1.0000e+07, 2640.53969, tmax
8.49, 0.00, 0.0002, 0.0000, -7.1370e-06, 0.2186, 0.0003, 8.8345e-02, 1.0000e+07, 2629.48503, tmax
8.50, 0.00, 0.0002, 0.0000, 4.6660e-06, 0.2217, 0.0002, 1.8837e-01, 1.0000e+07, 2622.78321, tmax
4.79, 0.00, 0.0255, 0.0000, 6.2538e-05, 0.0828, 0.0000, -1.3425e-03, 1.0000e+07, 2733.61247, tmax
7.76, 0.00, 0.0016, 0.0000, -2.7386e-05, 0.1395, 0.0002, 2.3216e-02, 1.0000e+07, 2740.04849, tmax
5.20, 0.00, 0.0270, 0.0000, -6.1585e-04, 0.0870, 0.0001, 2.9775e-02, 1.0000e+07, 2749.10453, tmax
7.42, 0.00, 0.0043, 0.0000, 5.3636e-06, 0.1267, 0.0001, -2.6321e-03, 1.0000e+07, 2629.76619, tmax
5.61, 0.00, 0.0291, 0.0000, 2.2210e-04, 0.0918, 0.0001, -1.1083e-02, 1.0000e+07, 2739.74662, tmax
5.41, 0.00, 0.0279, 0.0000, -3.8880e-04, 0.0893, 0.0001, 2.4860e-02, 1.0000e+07, 2744.02641, tmax
6.54, 0.00, 0.0477, 0.0000, -6.8198e-05, 0.1052, 0.0001, 9.2184e-02, 1.0000e+07, 2743.48714, tmax
6.58, 0.00, 0.0471, 0.0000, -1.8007e-04, 0.1061, 0.0001, 4.7277e-02, 1.0000e+07, 2639.04133, tmax
6.84, 0.00, 0.0267, 0.0000, -1.0867e-04, 0.1114, 0.0001, 2.6543e-02, 1.0000e+07, 2627.02184, tmax
7.38, 0.00, 0.0049, 0.0000, 5.2589e-05, 0.1252, 0.0001, 1.3194e-01, 1.0000e+07, 2740.99930, tmax
5.50, 0.00, 0.0284, 0.0000, -5.2829e-04, 0.0906, 0.0001, 4.2643e-02, 1.0000e+07, 2639.97483, tmax
