# dH, e0, eM1_max, eM1_min, dA1_over_A0, eM2_max, eM2_min, dA2_over_A0, t_end(PM), wall_time, fate
8.96, 0.00, 0.0001, 0.0001, 2.8701e-04, 37976.2558, 1.0000, -1.0027e+00, 8.5381e+02, 0.63597, a<0
9.00, 0.00, 0.0001, 0.0001, 2.8708e-04, 71881.1686, 1.0000, -1.0017e+00, 8.5381e+02, 0.59589, a<0
8.93, 0.00, 0.0033, 0.0033, 9.2344e-05, 52499.1231, 1.0000, -1.0022e+00, 8.5381e+02, 0.55942, a<0
8.59, 0.00, 0.0003, 0.0001, 3.9588e-04, 0.2390, 0.0535, 2.2367e-01, 1.0929e+03, 0.66679, a>0.4R_H
8.78, 0.00, 0.0002, 0.0001, 3.2512e-04, 0.3166, 0.2747, 2.5226e-02, 8.8797e+02, 0.73537, a>0.4R_H
8.99, 0.00, 0.0001, 0.0001, 2.8707e-04, 66849.9046, 1.0000, -1.0018e+00, 8.5381e+02, 0.91310, a<0
4.33, 0.00, 0.5799, 0.0002, -1.0863e-01, 0.7776, 0.0002, 2.1074e+00, 4.5638e+05, 257.00970, d<R_roche
4.30, 0.00, 0.6263, 0.0004, -2.0489e-01, 0.5653, 0.0003, 1.4050e+00, 7.0088e+05, 392.54731, d<R_roche
4.27, 0.00, 0.5967, 0.0010, -2.1293e-01, 0.7636, 0.0006, -1.4433e+00, 6.6496e+05, 393.52340, collision
3.56, 0.00, 0.2947, 0.0005, 4.6337e-01, 0.2875, 0.0002, 1.0242e+00, 7.4275e+05, 431.52639, collision
3.69, 0.00, 0.3428, 0.0000, 2.0022e-02, 0.2768, 0.0002, -1.6718e+01, 8.2479e+05, 463.16738, collision
3.78, 0.00, 0.6575, 0.0000, -1.8011e-01, 0.7416, 0.0006, 2.8511e+00, 8.8735e+05, 487.89582, d<R_roche
4.44, 0.00, 0.5536, 0.0003, 6.3130e+00, 0.6408, 0.0004, -6.9141e-01, 1.0321e+06, 559.73449, d<R_roche
3.82, 0.00, 0.4617, 0.0002, 1.1154e+00, 0.5580, 0.0001, 6.4268e-02, 1.1705e+06, 625.59934, collision
4.58, 0.00, 0.5869, 0.0001, 2.7140e-02, 0.6885, 0.0005, 1.3356e+00, 1.2784e+06, 652.22801, d<R_roche
3.72, 0.00, 0.3084, 0.0002, 4.6953e-01, 0.3128, 0.0006, 2.4759e+00, 1.1886e+06, 653.78408, collision
4.90, 0.00, 0.6501, 0.0001, -4.3498e-02, 0.7797, 0.0003, 2.7256e+00, 1.6047e+06, 757.51312, d<R_roche
4.02, 0.00, 0.4213, 0.0001, -4.5476e+00, 0.3268, 0.0005, -4.9697e-01, 1.5119e+06, 767.13771, collision
4.66, 0.00, 0.5102, 0.0002, -5.3681e+00, 0.4497, 0.0004, -4.9544e-01, 1.5108e+06, 772.53163, collision
3.95, 0.00, 0.3283, 0.0002, -2.5117e+01, 0.2731, 0.0004, -5.1213e-01, 1.5505e+06, 793.51253, collision
3.98, 0.00, 0.2937, 0.0000, 7.7083e-01, 0.2862, 0.0002, 7.9603e-01, 1.6862e+06, 859.72024, collision
3.99, 0.00, 0.3564, 0.0001, -2.0168e+00, 0.6362, 0.0004, -4.7295e+00, 1.8113e+06, 914.88022, collision
4.29, 0.00, 0.8833, 0.0005, 1.5652e+01, 0.4526, 0.0008, -6.4445e-01, 7.0867e+05, 409.52016, a>0.4R_H
4.17, 0.00, 0.2941, 0.0001, 1.0630e+00, 0.2685, 0.0003, 2.1489e-01, 2.1421e+06, 1019.59317, collision
3.77, 0.00, 0.4846, 0.0000, -1.3663e-01, 96338.0771, 0.0003, -1.0119e+00, 1.0122e+06, 556.14227, a<0
4.20, 0.00, 0.6169, 0.0001, 1.2016e-01, 0.6912, 0.0001, -6.5638e+00, 2.2946e+06, 1079.68337, collision
3.76, 0.00, 0.3125, 0.0002, 7.0718e-01, 0.2358, 0.0003, 2.6883e-01, 8.4377e+05, 466.03004, collision
3.61, 0.00, 0.3169, 0.0006, 7.7607e+00, 0.2724, 0.0008, -4.1985e-01, 7.5023e+05, 433.71994, collision
5.43, 0.00, 0.4522, 0.0001, 2.7653e+00, 0.7821, 0.0002, -2.5486e-01, 3.7550e+06, 1510.35578, collision
5.30, 0.00, 0.7336, 0.0001, -3.6587e-01, 0.6458, 0.0002, 3.1068e+00, 3.8322e+06, 1571.33674, d<R_roche
5.53, 0.00, 0.6773, 0.0003, 1.9815e-01, 0.5325, 0.0001, 1.5105e+00, 4.2216e+06, 1662.55832, d<R_roche
4.16, 0.00, 0.3014, 0.0001, 9.8243e+00, 0.2612, 0.0004, -1.2001e-01, 1.9488e+06, 942.87098, collision
4.55, 0.00, 0.3604, 0.0000, 2.6111e+00, 0.4882, 0.0005, -3.1065e-01, 1.1252e+06, 592.03563, collision
5.61, 0.00, 0.6893, 0.0001, -6.8496e-02, 0.6937, 0.0001, 1.8200e+00, 4.6662e+06, 1811.11164, d<R_roche
5.34, 0.00, 0.5778, 0.0001, 1.2493e-01, 0.5878, 0.0001, 4.0811e+00, 3.8157e+06, 1582.90109, a>0.4R_H
8.84, 0.00, 0.0001, 0.0001, 2.8408e-04, 0.0419, 0.0419, 8.1790e-02, 8.5381e+02, 0.89905, a>0.4R_H
5.31, 0.00, 0.6427, 0.0002, 6.7588e-03, 417.7799, 0.0002, -1.2273e+00, 2.9671e+06, 1242.73651, a<0
5.65, 0.00, 0.5699, 0.0003, -7.1666e+00, 0.5639, 0.0002, -5.9858e-01, 5.0562e+06, 1895.68122, collision
5.14, 0.00, 0.5675, 0.0000, 1.2373e-01, 0.6559, 0.0002, 1.6589e+00, 2.6983e+06, 1186.72160, d<R_roche
5.63, 0.00, 0.5681, 0.0002, 1.7388e-01, 0.4581, 0.0002, 5.7122e+00, 5.9229e+06, 2184.24792, a>0.4R_H
8.95, 0.00, 0.0158, 0.0158, -1.7862e-04, 13755.1378, 1.0000, -1.0054e+00, 8.5381e+02, 0.50722, a<0
5.88, 0.00, 0.4574, 0.0002, 2.0833e-01, 58671.8132, 0.0002, -1.0101e+00, 7.0961e+06, 2489.92437, a<0
5.57, 0.00, 0.5395, 0.0000, 1.0921e-01, 0.8792, 0.0001, 3.8746e+00, 3.8309e+06, 1501.84647, a>0.4R_H
5.48, 0.00, 0.5967, 0.0001, 1.8245e+00, 0.5216, 0.0001, -1.2622e-01, 4.1202e+06, 1630.87414, collision
5.52, 0.00, 0.7338, 0.0001, -4.1837e-02, 0.5982, 0.0002, 7.9226e-01, 8.5285e+06, 2910.84208, d<R_roche
5.74, 0.00, 0.4736, 0.0001, 5.7014e-01, 0.5897, 0.0001, -3.2315e+00, 8.4938e+06, 2913.56536, collision
5.79, 0.00, 0.4086, 0.0003, 2.3659e+00, 0.5101, 0.0001, -4.4799e-02, 5.9799e+06, 2162.08961, collision
3.67, 0.00, 0.4813, 0.0002, -7.5658e+00, 0.2918, 0.0006, -4.1680e-01, 7.3706e+05, 417.23774, collision
8.37, 0.00, 0.0012, 0.0000, 6.9416e-01, 0.1863, 0.0003, 2.6480e-02, 1.0000e+07, 3169.68256, tmax
8.31, 0.00, 0.0019, 0.0000, 6.9361e-01, 0.1768, 0.0001, 8.2948e-02, 1.0000e+07, 3170.79108, tmax
8.32, 0.00, 0.0018, 0.0000, 6.9338e-01, 0.1799, 0.0001, 3.5849e-02, 1.0000e+07, 3174.10508, tmax
8.39, 0.00, 0.0019, 0.0000, 6.9424e-01, 0.1886, 0.0003, -6.3704e-03, 1.0000e+07, 3192.61577, tmax
8.02, 0.00, 0.0205, 0.0000, 6.9173e-01, 0.1498, 0.0002, 1.2094e-02, 1.0000e+07, 3200.24693, tmax
7.57, 0.00, 0.0366, 0.0007, 6.7908e-01, 0.1286, 0.0002, 7.7716e-02, 1.0000e+07, 3205.19813, tmax
8.42, 0.00, 0.0011, 0.0000, 6.8008e-01, 0.1963, 0.0002, 2.8361e-02, 1.0000e+07, 3207.11869, tmax
8.18, 0.00, 0.0034, 0.0002, 6.9264e-01, 0.1633, 0.0001, 1.5350e-02, 1.0000e+07, 3216.54301, tmax
6.64, 0.00, 0.0405, 0.0006, 6.8166e-01, 0.1051, 0.0001, -4.5454e-03, 1.0000e+07, 3217.35831, tmax
6.39, 0.00, 0.0654, 0.0004, 6.8267e-01, 0.1028, 0.0001, 9.7217e-02, 1.0000e+07, 3217.82592, tmax
6.21, 0.00, 0.0473, 0.0001, 6.7709e-01, 0.0996, 0.0000, 5.7063e-02, 1.0000e+07, 3224.53604, tmax
8.43, 0.00, 0.0010, 0.0000, 6.7544e-01, 0.1978, 0.0001, 1.4330e-01, 1.0000e+07, 3224.99750, tmax
7.66, 0.00, 0.0137, 0.0000, 6.8398e-01, 0.1323, 0.0001, 4.9978e-02, 1.0000e+07, 3225.90379, tmax
6.88, 0.00, 0.0610, 0.0002, 6.8437e-01, 0.1112, 0.0001, -4.7352e-03, 1.0000e+07, 3227.31020, tmax
6.10, 0.00, 0.0396, 0.0002, 6.7921e-01, 0.0999, 0.0001, 2.2541e-03, 1.0000e+07, 3228.84382, tmax
7.92, 0.00, 0.0441, 0.0000, 6.9297e-01, 0.1457, 0.0001, 1.0344e-01, 1.0000e+07, 3233.98656, tmax
6.05, 0.00, 0.2259, 0.0004, 6.6442e-01, 0.1872, 0.0000, 7.1987e-02, 1.0000e+07, 3238.49070, tmax
7.81, 0.00, 0.0843, 0.0000, 6.9813e-01, 0.1401, 0.0001, 1.2607e-03, 1.0000e+07, 3238.81685, tmax
7.79, 0.00, 0.0915, 0.0001, 6.9929e-01, 0.1375, 0.0001, 8.4626e-03, 1.0000e+07, 3248.95872, tmax
7.86, 0.00, 0.0721, 0.0000, 6.9640e-01, 0.1419, 0.0002, 2.8239e-02, 1.0000e+07, 3252.90293, tmax
7.48, 0.00, 0.0925, 0.0007, 6.8553e-01, 0.1361, 0.0002, 1.1400e-01, 1.0000e+07, 3253.67059, tmax
6.18, 0.00, 0.0572, 0.0001, 6.8072e-01, 0.1050, 0.0002, -2.2546e-03, 1.0000e+07, 3254.19580, tmax
7.83, 0.00, 0.0816, 0.0000, 6.9803e-01, 0.1399, 0.0002, 1.9600e-02, 1.0000e+07, 3255.12133, tmax
6.12, 0.00, 0.0764, 0.0003, 6.8287e-01, 0.1068, 0.0002, 7.4522e-03, 1.0000e+07, 3264.72305, tmax
6.13, 0.00, 0.1036, 0.0002, 6.8259e-01, 0.1525, 0.0001, 9.4261e-02, 1.0000e+07, 3266.62590, tmax
5.60, 0.00, 0.6719, 0.0004, 2.3555e-01, 0.4449, 0.0003, 9.0316e+00, 9.6978e+06, 3278.95638, a>0.4R_H
7.37, 0.00, 0.1401, 0.0007, 7.0332e-01, 0.1573, 0.0003, 1.1396e-01, 1.0000e+07, 3325.66646, tmax
7.26, 0.00, 0.1396, 0.0009, 7.0808e-01, 0.1307, 0.0002, 1.0745e-01, 1.0000e+07, 3328.54509, tmax
7.25, 0.00, 0.1419, 0.0009, 7.1026e-01, 0.1237, 0.0005, 8.4053e-04, 1.0000e+07, 3334.15842, tmax
7.07, 0.00, 0.0925, 0.0000, 6.8933e-01, 0.1281, 0.0002, 3.5652e-02, 1.0000e+07, 3355.22110, tmax
7.45, 0.00, 0.1362, 0.0008, 7.0112e-01, 0.1469, 0.0003, 4.4627e-02, 1.0000e+07, 3354.75008, tmax
7.24, 0.00, 0.1377, 0.0008, 7.0912e-01, 0.1204, 0.0002, 9.9023e-02, 1.0000e+07, 3355.51175, tmax
7.36, 0.00, 0.1624, 0.0009, 7.2102e-01, 0.1227, 0.0002, 1.1941e-01, 1.0000e+07, 3403.57066, tmax
8.77, 0.00, 0.0002, 0.0001, 3.3316e-04, 0.2993, 0.1227, 1.3778e-01, 8.8797e+02, 0.83352, a>0.4R_H
3.60, 0.00, 0.3315, 0.0001, 3.1314e+00, 0.2337, 0.0003, -2.6125e-01, 6.2552e+05, 364.83976, collision
3.87, 0.00, 0.3366, 0.0001, 7.2789e-01, 0.2839, 0.0007, 6.2856e-01, 1.2740e+06, 671.77696, collision
8.74, 0.00, 0.0001, 0.0001, 2.8452e-04, 0.0683, 0.0683, 7.5355e-02, 8.5381e+02, 0.50938, a>0.4R_H
4.88, 0.00, 0.6765, 0.0000, -2.1049e-01, 0.6886, 0.0002, 2.4125e+00, 2.5865e+06, 1117.61383, d<R_roche
5.94, 0.00, 0.6305, 0.0001, 2.7784e-01, 43954.8419, 0.0001, -1.0111e+00, 9.7243e+06, 3228.02690, a<0
8.89, 0.00, 0.0002, 0.0002, 2.9287e-04, 0.7975, 0.7975, 2.8613e-01, 8.5381e+02, 0.55725, a>0.4R_H
8.07, 0.00, 0.0165, 0.0000, 6.9223e-01, 0.1530, 0.0001, 1.5005e-01, 1.0000e+07, 3193.47638, tmax
4.34, 0.00, 0.4592, 0.0003, 4.7011e-01, 0.5719, 0.0005, 1.1225e+00, 6.9188e+05, 381.09017, collision
7.61, 0.00, 0.0248, 0.0006, 6.8010e-01, 0.1306, 0.0001, -7.1290e-04, 1.0000e+07, 3230.62071, tmax
7.16, 0.00, 0.1163, 0.0003, 6.9961e-01, 0.1355, 0.0001, 1.0983e-01, 1.0000e+07, 3325.36215, tmax
4.22, 0.00, 0.4552, 0.0008, 2.2017e-01, 0.4300, 0.0008, 8.7073e+00, 1.0865e+06, 544.69844, collision
3.80, 0.00, 0.3286, 0.0001, 6.5827e+00, 0.2615, 0.0004, -2.8040e-01, 1.0264e+06, 565.40847, collision
3.86, 0.00, 0.2820, 0.0001, -2.9990e+00, 0.2679, 0.0005, -5.6227e-01, 1.2385e+06, 656.99813, collision
6.69, 0.00, 0.0409, 0.0001, 6.8075e-01, 0.1073, 0.0001, 2.3029e-02, 1.0000e+07, 3236.66901, tmax
8.54, 0.00, 0.0008, 0.0000, 6.7401e-01, 0.2322, 0.0003, 1.5014e-01, 1.0000e+07, 3237.30540, tmax
4.03, 0.00, 0.3064, 0.0001, -2.7946e+00, 0.2687, 0.0003, -8.6956e-02, 1.5705e+06, 816.67933, collision
4.38, 0.00, 0.5866, 0.0002, -2.8796e-01, 0.5504, 0.0006, 2.8597e+00, 1.7511e+06, 805.91232, d<R_roche
8.65, 0.00, 0.0001, 0.0001, 2.9024e-04, 0.0259, 0.0259, 1.9967e-01, 8.5381e+02, 0.50545, a>0.4R_H
5.27, 0.00, 0.4769, 0.0001, 4.0727e-02, 0.6783, 0.0002, -1.6088e+00, 6.6989e+06, 2449.45013, collision
4.11, 0.00, 0.3046, 0.0000, 3.2864e+00, 0.2410, 0.0003, -3.1622e-01, 1.6922e+06, 832.81686, collision
6.61, 0.00, 0.0362, 0.0008, 6.7990e-01, 0.1061, 0.0002, 7.0916e-02, 1.0000e+07, 3206.56130, tmax
4.71, 0.00, 0.6694, 0.0001, -3.3786e-02, 0.5308, 0.0002, 8.5066e-01, 9.8219e+05, 495.87610, d<R_roche
4.13, 0.00, 0.3057, 0.0001, 5.4901e-01, 0.2741, 0.0003, 1.6674e+00, 1.9578e+06, 956.38575, collision
4.19, 0.00, 0.3062, 0.0000, 2.1457e-01, 0.2715, 0.0002, -9.3376e+00, 2.2366e+06, 1062.82372, collision
6.19, 0.00, 0.0446, 0.0003, 6.7938e-01, 0.0993, 0.0001, 4.1947e-05, 1.0000e+07, 3236.08875, tmax
8.11, 0.00, 0.0121, 0.0001, 6.9252e-01, 0.1582, 0.0002, -1.6818e-04, 1.0000e+07, 3202.99909, tmax
5.32, 0.00, 0.4458, 0.0002, -5.2150e+00, 0.7936, 0.0001, -5.6708e-01, 3.4167e+06, 1454.52544, collision
4.85, 0.00, 0.6362, 0.0000, -1.2632e-01, 33934.7398, 0.0002, -1.0185e+00, 2.0033e+06, 955.53783, a<0
8.69, 0.00, 0.0002, 0.0000, 3.2324e-04, 0.2595, 0.1201, 9.6517e-02, 9.5627e+02, 0.58185, a>0.4R_H
5.68, 0.00, 0.2789, 0.0004, 7.0245e-01, 0.2424, 0.0001, 5.3578e-02, 1.0000e+07, 3382.19441, tmax
4.84, 0.00, 0.6755, 0.0001, -9.8177e-02, 0.6520, 0.0002, 9.9187e-01, 3.3161e+06, 1364.42884, d<R_roche
5.16, 0.00, 0.5976, 0.0001, 5.1718e-02, 0.7837, 0.0001, 4.3455e+00, 2.4757e+06, 1110.78375, a>0.4R_H
7.15, 0.00, 0.1124, 0.0003, 6.9700e-01, 0.1363, 0.0002, 7.5434e-02, 1.0000e+07, 3296.27794, tmax
8.88, 0.00, 0.0003, 0.0003, 2.8802e-04, 0.3018, 0.3018, 2.4347e-01, 8.5381e+02, 0.50561, a>0.4R_H
4.97, 0.00, 0.6340, 0.0001, -1.4241e-02, 0.7289, 0.0003, 3.6415e+00, 3.8212e+06, 1582.86984, d<R_roche
7.77, 0.00, 0.0948, 0.0000, 6.9854e-01, 0.1365, 0.0003, 2.1426e-02, 1.0000e+07, 3270.83899, tmax
7.63, 0.00, 0.0260, 0.0005, 6.7954e-01, 0.1320, 0.0003, 5.5703e-02, 1.0000e+07, 3247.16014, tmax
3.90, 0.00, 0.3044, 0.0001, 6.1957e-01, 0.2568, 0.0006, 1.0553e+02, 1.2094e+06, 636.15113, collision
7.53, 0.00, 0.0526, 0.0006, 6.8608e-01, 0.1281, 0.0004, 1.3405e-02, 1.0000e+07, 3223.13873, tmax
4.51, 0.00, 0.3272, 0.0001, 1.9667e-02, 0.3017, 0.0001, -2.0465e+00, 3.9355e+06, 1700.24343, collision
4.64, 0.00, 0.6098, 0.0000, -1.6121e-01, 706.2171, 0.0003, -1.2565e+00, 2.2169e+06, 977.17742, a<0
6.47, 0.00, 0.0698, 0.0006, 6.7578e-01, 0.1066, 0.0002, 5.9430e-02, 1.0000e+07, 3240.79448, tmax
6.25, 0.00, 0.0295, 0.0004, 6.7768e-01, 0.1001, 0.0001, 4.8121e-02, 1.0000e+07, 3238.87100, tmax
6.45, 0.00, 0.0385, 0.0006, 6.8143e-01, 0.1030, 0.0001, 8.2293e-03, 1.0000e+07, 3260.72335, tmax
6.36, 0.00, 0.0935, 0.0006, 6.8029e-01, 0.1089, 0.0001, 1.6504e-04, 1.0000e+07, 3252.45146, tmax
4.36, 0.00, 0.5328, 0.0000, 2.9661e-03, 107.2028, 0.0002, -1.6485e+00, 2.9608e+06, 1326.09927, a<0
7.98, 0.00, 0.0201, 0.0000, 6.9097e-01, 0.1484, 0.0002, 5.0240e-02, 1.0000e+07, 3213.97574, tmax
5.06, 0.00, 0.5820, 0.0000, 7.0008e-02, 0.9459, 0.0000, 1.1609e+01, 4.2820e+06, 1715.52467, a>0.4R_H
3.55, 0.00, 0.3129, 0.0004, -5.9738e+00, 0.2682, 0.0004, -5.6003e-01, 6.3766e+05, 375.58045, collision
4.21, 0.00, 0.4364, 0.0001, 4.0372e+00, 0.5103, 0.0001, 9.4221e-02, 2.3106e+06, 1132.30416, collision
5.08, 0.00, 0.5296, 0.0001, -8.0285e+00, 0.6751, 0.0001, -5.9994e-01, 3.6144e+06, 1660.97052, collision
5.64, 0.00, 0.7024, 0.0002, 1.1061e-01, 1.0638, 0.0001, -1.9769e+01, 5.9548e+06, 2224.66991, a<0
8.86, 0.00, 0.0001, 0.0001, 2.8557e-04, 0.1478, 0.1478, 4.9789e-02, 8.5381e+02, 0.50362, a>0.4R_H
4.82, 0.00, 0.3140, 0.0001, -1.0422e-01, 0.3760, 0.0002, -2.0307e+00, 1.1821e+06, 583.85423, collision
3.54, 0.00, 0.3349, 0.0011, 5.5903e-01, 0.2766, 0.0008, 4.0222e-01, 6.4509e+05, 382.59625, collision
7.11, 0.00, 0.1018, 0.0001, 6.9291e-01, 0.1327, 0.0001, 3.2957e-02, 1.0000e+07, 3280.62253, tmax
4.31, 0.00, 0.6330, 0.0002, -1.1925e-01, 0.5313, 0.0006, 2.2626e+00, 8.2970e+05, 478.10915, d<R_roche
6.62, 0.00, 0.0402, 0.0004, 6.7989e-01, 0.1055, 0.0002, 6.2227e-02, 1.0000e+07, 3346.07926, tmax
4.56, 0.00, 0.6165, 0.0001, -7.9716e-02, 0.8848, 0.0002, 6.7072e+00, 1.2179e+06, 620.79815, a>0.4R_H
4.65, 0.00, 0.4945, 0.0000, -8.2984e-02, 2949.0176, 0.0006, -1.1120e+00, 1.5980e+06, 794.08759, a<0
4.39, 0.00, 0.3591, 0.0003, 1.0639e+00, 0.3130, 0.0002, 7.6103e-02, 1.0292e+06, 569.31367, collision
6.96, 0.00, 0.0702, 0.0003, 6.8521e-01, 0.1119, 0.0001, 4.7662e-04, 1.0000e+07, 3265.93184, tmax
4.09, 0.00, 0.5230, 0.0000, -1.1492e-02, 0.6584, 0.0001, 2.5941e+00, 1.6828e+06, 829.96028, d<R_roche
6.31, 0.00, 0.0692, 0.0005, 6.7686e-01, 0.1079, 0.0000, 6.4824e-02, 1.0000e+07, 3258.46515, tmax
5.10, 0.00, 0.4209, 0.0001, 8.6194e+00, 0.7524, 0.0002, -4.0338e-01, 3.3282e+06, 1446.02865, collision
7.93, 0.00, 0.0428, 0.0000, 6.9249e-01, 0.1458, 0.0001, 6.7214e-02, 1.0000e+07, 3213.13165, tmax
8.62, 0.00, 0.0002, 0.0000, 4.1763e-04, 0.2134, 0.0122, 1.8751e-01, 1.1953e+03, 0.71473, a>0.4R_H
4.52, 0.00, 0.6275, 0.0001, -1.7526e-01, 0.6832, 0.0004, 2.8696e+00, 8.6509e+05, 459.16179, d<R_roche
4.80, 0.00, 0.5174, 0.0002, 7.6840e-03, 0.8776, 0.0002, 4.8381e+00, 1.9599e+06, 956.47613, a>0.4R_H
5.02, 0.00, 0.5694, 0.0001, -3.3775e+00, 0.7834, 0.0001, -6.2629e-01, 2.6641e+06, 1167.01863, collision
8.27, 0.00, 0.0015, 0.0000, 6.9339e-01, 0.1741, 0.0001, 8.1043e-02, 1.0000e+07, 3196.42437, tmax
8.36, 0.00, 0.0015, 0.0000, 6.9394e-01, 0.1880, 0.0002, 3.7641e-02, 1.0000e+07, 3230.49373, tmax
8.63, 0.00, 0.0002, 0.0001, 3.1282e-04, 0.1940, 0.1316, 1.5004e-01, 9.2212e+02, 0.70297, a>0.4R_H
8.83, 0.00, 0.0001, 0.0001, 2.8961e-04, 0.2115, 0.2115, -2.3269e-02, 8.5381e+02, 0.52650, a>0.4R_H
6.57, 0.00, 0.0315, 0.0007, 6.7964e-01, 0.1048, 0.0000, 7.0972e-02, 1.0000e+07, 3241.09551, tmax
4.68, 0.00, 0.5651, 0.0002, -4.9133e-02, 0.7950, 0.0001, 4.2914e+00, 1.1743e+06, 593.97903, d<R_roche
6.11, 0.00, 0.0710, 0.0002, 6.7743e-01, 0.1146, 0.0002, 5.2509e-02, 1.0000e+07, 3258.53984, tmax
8.49, 0.00, 0.0009, 0.0000, 6.7430e-01, 0.2153, 0.0001, 2.4330e-02, 1.0000e+07, 3269.58180, tmax
6.97, 0.00, 0.0707, 0.0002, 6.8534e-01, 0.1135, 0.0000, -5.4056e-04, 1.0000e+07, 3279.48021, tmax
7.64, 0.00, 0.0182, 0.0005, 6.7839e-01, 0.1304, 0.0001, 4.1713e-02, 1.0000e+07, 3269.27354, tmax
6.30, 0.00, 0.2218, 0.0005, 6.8069e-01, 0.1843, 0.0001, 8.2801e-02, 1.0000e+07, 3305.66064, tmax
6.28, 0.00, 0.0411, 0.0002, 6.7813e-01, 0.1036, 0.0001, 1.5667e-02, 1.0000e+07, 3240.74775, tmax
8.71, 0.00, 0.0001, 0.0001, 2.8712e-04, 0.0912, 0.0912, 2.0553e-01, 8.5381e+02, 0.53821, a>0.4R_H
6.42, 0.00, 0.0969, 0.0004, 6.7885e-01, 0.1302, 0.0003, 1.4122e-02, 1.0000e+07, 3256.17759, tmax
6.67, 0.00, 0.0363, 0.0006, 6.8157e-01, 0.1064, 0.0002, 1.0274e-03, 1.0000e+07, 3232.49723, tmax
6.55, 0.00, 0.0356, 0.0006, 6.8004e-01, 0.1046, 0.0001, 1.9120e-02, 1.0000e+07, 3296.63671, tmax
6.24, 0.00, 0.0329, 0.0004, 6.7894e-01, 0.1001, 0.0000, 2.2320e-02, 1.0000e+07, 3223.06054, tmax
6.27, 0.00, 0.4569, 0.0004, 3.5687e-01, 0.8104, 0.0001, 2.8677e+00, 9.4024e+06, 3254.34833, a>0.4R_H
4.18, 0.00, 0.3081, 0.0002, 2.8823e+00, 0.2589, 0.0004, -2.4724e-01, 2.0373e+06, 1132.97723, collision
7.70, 0.00, 0.0142, 0.0000, 6.8644e-01, 0.1332, 0.0002, -1.7507e-03, 1.0000e+07, 3287.09108, tmax
7.47, 0.00, 0.1030, 0.0007, 6.8606e-01, 0.1449, 0.0001, 1.2175e-02, 1.0000e+07, 3283.66819, tmax
6.75, 0.00, 0.0640, 0.0001, 6.8575e-01, 0.1085, 0.0001, 2.8891e-02, 1.0000e+07, 3249.82301, tmax
7.40, 0.00, 0.1521, 0.0007, 7.1004e-01, 0.1307, 0.0003, -2.9428e-03, 1.0000e+07, 3439.57520, tmax
5.50, 0.00, 0.4802, 0.0001, 2.0516e-01, 0.6371, 0.0001, 5.5612e+00, 9.2297e+06, 3091.68792, a>0.4R_H
8.22, 0.00, 0.0021, 0.0001, 6.9305e-01, 0.1690, 0.0003, 9.3447e-02, 1.0000e+07, 3239.12118, tmax
6.85, 0.00, 0.0625, 0.0006, 6.8354e-01, 0.1103, 0.0000, 2.0944e-02, 1.0000e+07, 3249.27233, tmax
5.44, 0.00, 0.6750, 0.0001, 1.8035e-01, 0.7303, 0.0000, 4.0098e+00, 8.9615e+06, 3069.07897, a>0.4R_H
3.58, 0.00, 0.5480, 0.0011, -8.7970e-02, 0.4151, 0.0001, 1.5507e+00, 5.5491e+05, 324.71959, d<R_roche
5.80, 0.00, 0.6338, 0.0002, 1.8492e-01, 21.6071, 0.0002, -2.1123e+00, 6.2140e+06, 2344.18711, a<0
4.46, 0.00, 0.3935, 0.0001, 2.9546e-01, 0.6848, 0.0005, 2.4376e+00, 8.7153e+05, 483.98499, collision
4.32, 0.00, 0.5431, 0.0003, -4.8348e-02, 0.8184, 0.0001, 1.0765e+00, 5.6359e+05, 318.47920, d<R_roche
3.73, 0.00, 0.3482, 0.0001, 2.8824e+00, 0.2838, 0.0005, -2.8798e-01, 9.4228e+05, 521.94928, collision
5.96, 0.00, 0.7943, 0.0001, 4.9604e+00, 0.7007, 0.0002, -8.1674e-01, 8.3217e+06, 2865.72285, d<R_roche
6.91, 0.00, 0.0681, 0.0006, 6.8293e-01, 0.1124, 0.0000, 4.1416e-02, 1.0000e+07, 3257.46089, tmax
3.96, 0.00, 0.6263, 0.0001, -1.5768e-01, 0.2821, 0.0004, 5.1443e+00, 1.1384e+06, 585.97365, d<R_roche
4.37, 0.00, 0.2853, 0.0002, 2.6656e+00, 0.2589, 0.0004, 1.1850e-01, 1.3941e+06, 683.03570, collision
3.65, 0.00, 0.3130, 0.0002, 1.1198e+00, 0.3119, 0.0003, -1.5175e-02, 9.4176e+05, 534.90385, collision
7.94, 0.00, 0.0327, 0.0000, 6.9186e-01, 0.1458, 0.0002, 9.5998e-02, 1.0000e+07, 3225.57149, tmax
7.73, 0.00, 0.0275, 0.0001, 6.8625e-01, 0.1350, 0.0002, 1.1078e-01, 1.0000e+07, 3230.91207, tmax
7.22, 0.00, 0.1331, 0.0009, 7.0416e-01, 0.1389, 0.0000, 7.7230e-02, 1.0000e+07, 3380.76793, tmax
4.42, 0.00, 0.3078, 0.0001, -3.5557e+01, 0.2644, 0.0003, -1.9954e-01, 3.3351e+06, 1472.82038, collision
4.45, 0.00, 0.4368, 0.0004, -1.0688e-01, 0.8406, 0.0002, 5.2236e+00, 7.4302e+05, 404.19184, a>0.4R_H
6.87, 0.00, 0.0659, 0.0005, 6.8301e-01, 0.1104, 0.0002, 6.7708e-02, 1.0000e+07, 3239.73862, tmax
4.01, 0.00, 0.6475, 0.0001, 2.3471e-03, 0.7119, 0.0002, 2.0042e+00, 1.6809e+06, 852.60389, d<R_roche
4.48, 0.00, 0.3969, 0.0003, 2.3541e+00, 0.5871, 0.0003, -2.5425e-01, 8.9574e+05, 471.81338, collision
7.88, 0.00, 0.0819, 0.0000, 6.9743e-01, 0.1449, 0.0002, 1.1955e-01, 1.0000e+07, 3332.21233, tmax
7.19, 0.00, 0.1232, 0.0005, 7.0049e-01, 0.1394, 0.0002, 4.3326e-02, 1.0000e+07, 3322.46033, tmax
6.79, 0.00, 0.0686, 0.0002, 6.8259e-01, 0.1089, 0.0001, 3.4533e-02, 1.0000e+07, 3244.41096, tmax
7.46, 0.00, 0.1240, 0.0006, 6.9623e-01, 0.1465, 0.0002, 1.0367e-01, 1.0000e+07, 3337.82855, tmax
8.76, 0.00, 0.0001, 0.0001, 2.9429e-04, 0.3150, 0.3150, 2.0750e-01, 8.5381e+02, 0.50987, a>0.4R_H
5.01, 0.00, 0.3911, 0.0001, -1.0567e-01, 0.4361, 0.0002, -1.6613e+00, 2.4209e+06, 1069.14420, collision
4.76, 0.00, 0.6405, 0.0001, -3.4215e-02, 0.6619, 0.0005, 2.1826e+00, 1.5000e+06, 737.32293, d<R_roche
4.78, 0.00, 0.6227, 0.0001, 1.1869e-01, 0.6604, 0.0000, 7.3792e-01, 1.5047e+06, 752.29562, d<R_roche
7.50, 0.00, 0.0891, 0.0007, 6.8368e-01, 0.1296, 0.0004, 9.6435e-02, 1.0000e+07, 3304.14372, tmax
5.25, 0.00, 0.6237, 0.0001, 2.6107e-02, 108944.4136, 0.0002, -1.0083e+00, 2.9276e+06, 1238.57374, a<0
4.25, 0.00, 0.5941, 0.0004, -1.2231e-01, 0.7323, 0.0001, 1.9923e+00, 4.5689e+05, 261.55087, d<R_roche
3.63, 0.00, 0.4925, 0.0004, -1.8347e-01, 0.3845, 0.0003, -1.0336e+00, 7.7762e+05, 450.70947, d<R_roche
4.05, 0.00, 0.3134, 0.0002, 3.6471e+00, 0.2580, 0.0006, -3.4192e-01, 1.5811e+06, 787.63316, collision
3.88, 0.00, 0.3104, 0.0002, -1.5290e-02, 0.2419, 0.0001, -3.0610e+00, 1.1337e+06, 671.60964, collision
7.91, 0.00, 0.0599, 0.0000, 6.9483e-01, 0.1443, 0.0002, 5.1278e-03, 1.0000e+07, 3217.77199, tmax
7.28, 0.00, 0.1427, 0.0010, 7.0800e-01, 0.1344, 0.0003, 6.6777e-02, 1.0000e+07, 3334.52358, tmax
8.81, 0.00, 0.0001, 0.0001, 2.9240e-04, 0.3107, 0.3107, 1.8408e-01, 8.5381e+02, 0.50668, a>0.4R_H
4.86, 0.00, 0.6090, 0.0001, 4.8390e-02, 0.8858, 0.0002, 4.9667e+00, 2.1424e+06, 1020.50529, a>0.4R_H
7.03, 0.00, 0.0865, 0.0000, 6.8721e-01, 0.1240, 0.0000, 9.7579e-02, 1.0000e+07, 3259.47008, tmax
5.37, 0.00, 0.6275, 0.0001, -2.7251e-03, 4613.3323, 0.0001, -1.0665e+00, 2.8716e+06, 1202.09529, a<0
8.14, 0.00, 0.0076, 0.0002, 6.9249e-01, 0.1602, 0.0003, -1.2344e-03, 1.0000e+07, 3219.22617, tmax
8.20, 0.00, 0.0026, 0.0001, 6.9311e-01, 0.1644, 0.0002, 1.3960e-01, 1.0000e+07, 3207.54412, tmax
8.72, 0.00, 0.0002, 0.0001, 3.2909e-04, 0.1508, 0.0469, 6.9222e-02, 8.8797e+02, 0.52677, a>0.4R_H
4.81, 0.00, 0.6622, 0.0001, -1.3084e-01, 0.7721, 0.0003, 9.3126e-01, 1.3633e+06, 658.08679, d<R_roche
3.68, 0.00, 0.3362, 0.0004, 8.6889e-01, 0.2424, 0.0003, 5.4670e-01, 7.5995e+05, 516.03755, collision
6.68, 0.00, 0.0365, 0.0008, 6.8198e-01, 0.1064, 0.0001, 1.7228e-03, 1.0000e+07, 3293.15601, tmax
5.26, 0.00, 0.3661, 0.0000, 7.7858e+00, 0.3315, 0.0002, -3.8477e-01, 4.3999e+06, 1847.53309, collision
5.92, 0.00, 0.2514, 0.0001, 6.8990e-01, 0.2409, 0.0001, 1.0180e-01, 1.0000e+07, 3371.27932, tmax
8.53, 0.00, 0.0008, 0.0000, 6.7371e-01, 0.2266, 0.0001, 5.9626e-02, 1.0000e+07, 3397.00689, tmax
5.13, 0.00, 0.4923, 0.0001, 1.2962e-01, 54890.3864, 0.0002, -1.0124e+00, 6.0887e+06, 2402.65209, a<0
6.53, 0.00, 0.0329, 0.0006, 6.8077e-01, 0.1053, 0.0001, 8.1254e-03, 1.0000e+07, 3295.75405, tmax
6.73, 0.00, 0.0769, 0.0002, 6.8622e-01, 0.1071, 0.0001, 1.2008e-02, 1.0000e+07, 3270.69061, tmax
7.52, 0.00, 0.0731, 0.0007, 6.7775e-01, 0.1260, 0.0003, 8.8152e-02, 1.0000e+07, 3243.42077, tmax
5.99, 0.00, 0.5595, 0.0001, 2.5074e-01, 33.8313, 0.0003, -1.8707e+00, 9.4482e+06, 3142.30217, a<0
5.97, 0.00, 0.5669, 0.0001, 2.3422e-01, 0.7865, 0.0001, 3.6618e+00, 4.9893e+06, 2042.71203, a>0.4R_H
4.74, 0.00, 0.4802, 0.0001, 5.1978e+00, 0.7975, 0.0001, -9.1383e-01, 1.2685e+06, 702.11921, collision
6.59, 0.00, 0.0405, 0.0006, 6.8007e-01, 0.1049, 0.0001, 2.2725e-02, 1.0000e+07, 3232.53517, tmax
5.71, 0.00, 0.6018, 0.0001, 2.3390e-01, 0.8765, 0.0002, 3.8175e+00, 6.5287e+06, 2397.58717, a>0.4R_H
4.69, 0.00, 0.6140, 0.0000, 1.7422e-01, 0.5049, 0.0004, 5.5872e-01, 2.8721e+06, 1215.35148, d<R_roche
4.35, 0.00, 0.5710, 0.0004, -1.1171e-01, 0.8314, 0.0008, 2.5673e+00, 5.8923e+05, 327.52800, d<R_roche
5.40, 0.00, 0.5638, 0.0001, 3.1833e-03, 3215.3249, 0.0003, -1.0751e+00, 4.0843e+06, 1664.50607, a<0
5.41, 0.00, 0.3546, 0.0000, 9.0619e-02, 0.3327, 0.0001, -1.4068e+00, 3.5771e+06, 1483.53108, collision
3.62, 0.00, 0.3724, 0.0001, -6.8393e-02, 0.2791, 0.0008, -2.9567e+00, 7.5964e+05, 436.90228, collision
8.61, 0.00, 0.0002, 0.0001, 3.3698e-04, 0.2010, 0.0977, 1.8697e-01, 8.8797e+02, 0.52606, a>0.4R_H
4.62, 0.00, 0.6029, 0.0001, 5.3686e-02, 0.6481, 0.0004, 1.2951e+00, 2.2600e+06, 1021.07523, d<R_roche
5.90, 0.00, 0.4305, 0.0000, 2.6396e-01, 0.8052, 0.0000, 3.2922e+00, 7.6953e+06, 2749.45760, a>0.4R_H
8.26, 0.00, 0.0026, 0.0000, 6.9323e-01, 0.1705, 0.0001, -1.0582e-02, 1.0000e+07, 3288.49606, tmax
3.91, 0.00, 0.2862, 0.0001, 6.2673e-01, 0.2665, 0.0000, 5.8711e-01, 1.3492e+06, 712.07135, collision
4.72, 0.00, 0.6192, 0.0000, 8.6433e-04, 0.9005, 0.0004, 4.8898e+00, 1.8234e+06, 915.42798, a>0.4R_H
5.09, 0.00, 0.5182, 0.0001, 1.1264e+00, 0.6869, 0.0002, -1.2833e+02, 4.4177e+06, 1799.24743, collision
3.94, 0.00, 0.3155, 0.0002, 3.3063e+00, 0.2381, 0.0004, -3.0468e-01, 1.2889e+06, 665.31958, collision
4.98, 0.00, 0.5782, 0.0000, 4.5274e-01, 0.6653, 0.0000, -1.2340e+02, 2.3831e+06, 1086.85881, collision
8.73, 0.00, 0.0002, 0.0001, 3.1325e-04, 0.2236, 0.0516, 1.6006e-01, 9.2212e+02, 0.54484, a>0.4R_H
7.82, 0.00, 0.0824, 0.0000, 6.9842e-01, 0.1384, 0.0003, 1.3006e-01, 1.0000e+07, 3232.34992, tmax
7.68, 0.00, 0.0208, 0.0001, 6.8393e-01, 0.1329, 0.0001, 1.2169e-01, 1.0000e+07, 3238.88514, tmax
6.32, 0.00, 0.4441, 0.0002, 2.5527e-01, 0.4711, 0.0000, -1.1055e+00, 9.1276e+06, 3086.77788, collision
7.32, 0.00, 0.1281, 0.0006, 6.9502e-01, 0.1631, 0.0004, 1.1474e-01, 1.0000e+07, 3396.79329, tmax
8.10, 0.00, 0.0115, 0.0001, 6.9225e-01, 0.1552, 0.0001, 1.1285e-01, 1.0000e+07, 3225.86721, tmax
8.41, 0.00, 0.0011, 0.0000, 6.8509e-01, 0.1959, 0.0003, 1.2225e-01, 1.0000e+07, 3277.91483, tmax
5.45, 0.00, 0.5984, 0.0001, 1.2125e-01, 49315.5548, 0.0001, -1.0126e+00, 5.4168e+06, 2048.27165, a<0
7.49, 0.00, 0.0906, 0.0007, 6.8917e-01, 0.1365, 0.0001, 1.0519e-02, 1.0000e+07, 3244.00252, tmax
6.82, 0.00, 0.0652, 0.0006, 6.8466e-01, 0.1097, 0.0001, -5.6950e-03, 1.0000e+07, 3225.10976, tmax
6.80, 0.00, 0.0874, 0.0003, 6.8403e-01, 0.1105, 0.0002, 1.0892e-02, 1.0000e+07, 3224.97875, tmax
3.89, 0.00, 0.3190, 0.0001, -2.1157e-01, 0.2701, 0.0003, -2.2134e+00, 1.2226e+06, 647.85057, collision
6.52, 0.00, 0.0420, 0.0007, 6.7902e-01, 0.1040, 0.0001, 6.7305e-02, 1.0000e+07, 3258.05484, tmax
6.46, 0.00, 0.0511, 0.0006, 6.8084e-01, 0.1031, 0.0001, 2.1546e-03, 1.0000e+07, 3279.20278, tmax
3.51, 0.00, 0.3756, 0.0007, 4.3409e-01, 0.5801, 0.0009, 1.3177e+00, 6.9021e+05, 406.57051, collision
5.91, 0.00, 0.6096, 0.0002, -9.9425e+00, 0.7687, 0.0001, -5.9865e-01, 7.6826e+06, 2724.66435, collision
4.15, 0.00, 0.3855, 0.0002, 7.8046e+00, 0.2757, 0.0004, -3.9405e-01, 2.1094e+06, 1052.58109, collision
8.48, 0.00, 0.0009, 0.0000, 6.7373e-01, 0.2109, 0.0002, 8.6162e-02, 1.0000e+07, 3275.02008, tmax
5.11, 0.00, 0.6908, 0.0001, -2.3291e-02, 0.5659, 0.0002, 7.5505e-01, 4.3920e+06, 1819.83388, d<R_roche
6.93, 0.00, 0.0667, 0.0006, 6.8432e-01, 0.1118, 0.0001, -6.6187e-04, 1.0000e+07, 3400.33476, tmax
8.03, 0.00, 0.0166, 0.0000, 6.9162e-01, 0.1518, 0.0001, 1.1583e-01, 1.0000e+07, 3306.97709, tmax
8.05, 0.00, 0.0170, 0.0000, 6.9175e-01, 0.1529, 0.0002, 2.7606e-02, 1.0000e+07, 3240.49553, tmax
7.39, 0.00, 0.1604, 0.0008, 7.1480e-01, 0.1260, 0.0002, 7.8352e-02, 1.0000e+07, 3569.94197, tmax
8.79, 0.00, 0.0001, 0.0001, 2.8737e-04, 0.2377, 0.2377, 9.9579e-02, 8.5381e+02, 0.55449, a>0.4R_H
5.47, 0.00, 0.5221, 0.0001, 1.6394e-01, 11054.6177, 0.0001, -1.0356e+00, 6.3207e+06, 2335.83283, a<0
5.46, 0.00, 0.3329, 0.0001, 6.9463e-01, 0.4770, 0.0001, -4.9178e+00, 3.2528e+06, 1354.03915, collision
6.90, 0.00, 0.0674, 0.0006, 6.8367e-01, 0.1107, 0.0002, 8.8607e-02, 1.0000e+07, 3281.98545, tmax
8.44, 0.00, 0.0010, 0.0000, 6.7743e-01, 0.2029, 0.0003, 1.8529e-02, 1.0000e+07, 3309.82039, tmax
7.00, 0.00, 0.0744, 0.0000, 6.8618e-01, 0.1142, 0.0002, 4.7825e-03, 1.0000e+07, 3274.62892, tmax
5.19, 0.00, 0.6846, 0.0000, -3.4409e-01, 0.8539, 0.0002, 4.3165e+00, 2.5791e+06, 1134.27302, a>0.4R_H
4.07, 0.00, 0.3198, 0.0001, 6.5364e+00, 0.2395, 0.0004, -4.0228e-01, 1.5351e+06, 765.41436, collision
3.93, 0.00, 0.4316, 0.0002, -4.2640e+00, 0.3947, 0.0002, -1.5896e+00, 1.3762e+06, 712.21707, collision
4.93, 0.00, 0.5279, 0.0001, -4.3682e-02, 0.8398, 0.0001, -1.6466e+00, 2.5394e+06, 1131.78076, collision
8.17, 0.00, 0.0040, 0.0002, 6.9272e-01, 0.1624, 0.0001, 9.4645e-03, 1.0000e+07, 3265.38476, tmax
4.26, 0.00, 0.6217, 0.0008, -1.1411e-01, 0.9070, 0.0002, 6.9623e+00, 1.5969e+06, 760.39618, a>0.4R_H
6.37, 0.00, 0.0718, 0.0002, 6.7794e-01, 0.1047, 0.0001, 3.8267e-02, 1.0000e+07, 3293.83899, tmax
6.81, 0.00, 0.0635, 0.0004, 6.8391e-01, 0.1096, 0.0001, 6.9957e-02, 1.0000e+07, 3227.39452, tmax
4.40, 0.00, 0.5093, 0.0002, -4.9132e-02, 0.7828, 0.0001, 2.8312e+00, 1.5282e+06, 744.85159, d<R_roche
8.04, 0.00, 0.0174, 0.0000, 6.9184e-01, 0.1528, 0.0002, 1.0182e-03, 1.0000e+07, 3281.94786, tmax
3.79, 0.00, 0.2882, 0.0001, 5.3449e-01, 0.2686, 0.0002, -1.6848e+00, 1.0495e+06, 575.41445, collision
7.90, 0.00, 0.0677, 0.0000, 6.9610e-01, 0.1443, 0.0001, 2.4566e-02, 1.0000e+07, 3226.99995, tmax
4.08, 0.00, 0.3375, 0.0002, 1.8317e-01, 0.2762, 0.0002, -2.8080e+02, 1.8800e+06, 932.05964, collision
5.84, 0.00, 0.6329, 0.0000, 3.1200e-01, 0.5656, 0.0001, 1.7626e+00, 8.2201e+06, 2843.07559, d<R_roche
5.85, 0.00, 0.7618, 0.0002, -5.8835e-02, 0.4559, 0.0000, 3.6469e-01, 7.2259e+06, 2520.50725, d<R_roche
5.86, 0.00, 0.6522, 0.0001, 2.2158e-01, 176533.0577, 0.0002, -1.0051e+00, 8.4860e+06, 2915.89582, a<0
8.66, 0.00, 0.0001, 0.0001, 2.8427e-04, 0.0396, 0.0396, 1.3690e-01, 8.5381e+02, 0.51009, a>0.4R_H
8.01, 0.00, 0.0186, 0.0000, 6.9151e-01, 0.1505, 0.0002, 1.2466e-01, 1.0000e+07, 3300.89100, tmax
3.70, 0.00, 0.5723, 0.0002, -4.1454e-01, 0.2701, 0.0002, 1.7521e+00, 8.4504e+05, 470.01620, d<R_roche
8.25, 0.00, 0.0025, 0.0000, 6.9337e-01, 0.1718, 0.0001, 2.5951e-02, 1.0000e+07, 3177.80549, tmax
5.21, 0.00, 0.5656, 0.0000, 1.5408e+00, 0.5868, 0.0001, -7.8399e+00, 7.2351e+06, 2595.94263, collision
5.75, 0.00, 0.6865, 0.0001, -3.4102e-02, 0.7485, 0.0001, 8.4998e-01, 5.8342e+06, 2146.43409, d<R_roche
7.09, 0.00, 0.0956, 0.0001, 6.9114e-01, 0.1332, 0.0000, 3.3241e-02, 1.0000e+07, 3440.59412, tmax
6.01, 0.00, 0.2688, 0.0001, 6.7420e-01, 0.2389, 0.0001, 1.9511e-02, 1.0000e+07, 3323.58563, tmax
8.28, 0.00, 0.0011, 0.0000, 6.9357e-01, 0.1718, 0.0002, 1.3653e-01, 1.0000e+07, 3183.06997, tmax
4.00, 0.00, 0.3318, 0.0002, 3.9895e-02, 0.2649, 0.0002, -5.3492e+00, 1.5495e+06, 791.30599, collision
3.74, 0.00, 0.3159, 0.0001, 1.6053e+00, 0.2451, 0.0004, -1.7691e-01, 8.7177e+05, 484.45677, collision
7.12, 0.00, 0.1066, 0.0002, 6.9499e-01, 0.1309, 0.0000, 8.0487e-04, 1.0000e+07, 3348.21349, tmax
5.98, 0.00, 0.4601, 0.0004, 2.4796e-01, 0.9306, 0.0001, 9.6970e+00, 8.6761e+06, 3178.72522, a>0.4R_H
8.91, 0.00, 0.0003, 0.0003, 2.8713e-04, 43659.4585, 1.0000, -1.0026e+00, 8.5381e+02, 0.51148, a<0
7.62, 0.00, 0.0235, 0.0006, 6.8078e-01, 0.1316, 0.0003, 8.3575e-02, 1.0000e+07, 3249.01661, tmax
8.40, 0.00, 0.0012, 0.0000, 6.9039e-01, 0.1905, 0.0004, 2.2427e-02, 1.0000e+07, 3254.19423, tmax
8.12, 0.00, 0.0114, 0.0002, 6.9236e-01, 0.1575, 0.0001, 6.8156e-02, 1.0000e+07, 3276.03661, tmax
4.87, 0.00, 0.5945, 0.0001, 4.5069e+00, 0.7576, 0.0002, -1.0617e-01, 2.2463e+06, 1042.85250, collision
7.42, 0.00, 0.1661, 0.0008, 7.1993e-01, 0.1216, 0.0005, 3.1092e-03, 1.0000e+07, 3535.73536, tmax
7.99, 0.00, 0.0128, 0.0000, 6.9089e-01, 0.1495, 0.0001, 7.9381e-02, 1.0000e+07, 3320.61152, tmax
8.15, 0.00, 0.0063, 0.0002, 6.9257e-01, 0.1601, 0.0002, 1.1034e-02, 1.0000e+07, 3179.28673, tmax
4.99, 0.00, 0.5044, 0.0000, -3.3098e-02, 2275.6791, 0.0001, -1.1105e+00, 1.6163e+06, 761.66904, a<0
6.51, 0.00, 0.0388, 0.0006, 6.8397e-01, 0.1040, 0.0002, 1.0339e-01, 1.0000e+07, 3337.71934, tmax
4.06, 0.00, 0.2935, 0.0002, 1.0963e-01, 0.2493, 0.0002, -2.2722e+00, 1.5774e+06, 781.76546, collision
5.18, 0.00, 0.6657, 0.0000, 8.5932e-01, 0.6692, 0.0001, 7.9043e-01, 3.0026e+06, 1289.23593, collision
3.71, 0.00, 0.5781, 0.0001, -1.4098e-01, 0.8071, 0.0008, 5.1964e+00, 8.3349e+05, 463.19337, d<R_roche
5.05, 0.00, 0.5865, 0.0001, 4.2940e-02, 0.6204, 0.0002, 4.5670e+00, 2.4614e+06, 1101.40968, a>0.4R_H
5.51, 0.00, 0.3819, 0.0000, -2.1134e+00, 0.8485, 0.0002, -5.7999e-01, 4.1308e+06, 1639.56511, collision
6.71, 0.00, 0.0814, 0.0003, 6.8527e-01, 0.1131, 0.0001, 7.3510e-02, 1.0000e+07, 3291.98621, tmax
4.57, 0.00, 0.5384, 0.0001, 2.1434e-03, 0.8050, 0.0003, 1.1681e+00, 1.0221e+06, 527.99265, d<R_roche
5.39, 0.00, 0.6133, 0.0001, 2.5374e-01, 0.4190, 0.0001, 4.3457e-01, 3.2067e+06, 1320.98427, d<R_roche
8.85, 0.00, 0.0001, 0.0001, 2.9009e-04, 0.1084, 0.1084, 2.2405e-01, 8.5381e+02, 0.50874, a>0.4R_H
7.38, 0.00, 0.1598, 0.0008, 7.1382e-01, 0.1293, 0.0002, 9.4086e-02, 1.0000e+07, 3454.44077, tmax
8.70, 0.00, 0.0001, 0.0001, 2.9056e-04, 0.0396, 0.0396, 1.5160e-01, 8.5381e+02, 0.50281, a>0.4R_H
3.50, 0.00, 0.3378, 0.0012, 3.4372e+00, 0.2909, 0.0008, -3.8944e-01, 5.2977e+05, 320.69343, collision
6.34, 0.00, 0.7425, 0.0004, -1.7987e-01, 0.6622, 0.0001, 8.4552e-01, 8.4041e+06, 2901.99463, d<R_roche
5.35, 0.00, 0.6845, 0.0001, 3.4718e-02, 0.5628, 0.0001, 2.0934e+00, 4.7278e+06, 1836.30667, d<R_roche
8.47, 0.00, 0.0009, 0.0000, 6.7483e-01, 0.2088, 0.0002, 1.3198e-01, 1.0000e+07, 3223.27084, tmax
7.89, 0.00, 0.0726, 0.0000, 6.9717e-01, 0.1422, 0.0001, 1.0221e-01, 1.0000e+07, 3267.71236, tmax
6.35, 0.00, 0.0723, 0.0002, 6.7709e-01, 0.1164, 0.0001, 5.2149e-02, 1.0000e+07, 3248.08038, tmax
8.94, 0.00, 0.0502, 0.0502, 7.7938e-03, 0.6274, 0.6274, 7.3080e-03, 8.5381e+02, 0.49858, a>0.4R_H
8.55, 0.00, 0.0003, 0.0000, 1.4732e-02, 0.2328, 0.0040, 2.2548e-01, 3.9959e+04, 22.87666, a>0.4R_H
8.34, 0.00, 0.0015, 0.0000, 6.9357e-01, 0.1823, 0.0003, 4.7184e-03, 1.0000e+07, 3231.91137, tmax
5.42, 0.00, 0.5756, 0.0000, 1.7329e-01, 20354.0738, 0.0002, -1.0229e+00, 8.3940e+06, 2886.14480, a<0
8.23, 0.00, 0.0020, 0.0001, 6.9308e-01, 0.1670, 0.0003, 1.0910e-01, 1.0000e+07, 3339.86052, tmax
7.96, 0.00, 0.0280, 0.0000, 6.9161e-01, 0.1473, 0.0002, 1.1553e-02, 1.0000e+07, 3244.45117, tmax
6.84, 0.00, 0.0670, 0.0003, 6.8289e-01, 0.1097, 0.0001, 5.1183e-02, 1.0000e+07, 3216.13204, tmax
5.07, 0.00, 0.2910, 0.0000, 2.2807e+00, 0.2295, 0.0002, 2.7259e-01, 8.4309e+06, 3074.16110, collision
6.77, 0.00, 0.0698, 0.0001, 6.8582e-01, 0.1072, 0.0002, -4.7830e-03, 1.0000e+07, 3277.64712, tmax
5.20, 0.00, 0.6421, 0.0000, 1.1451e-01, 0.7471, 0.0002, 4.2557e+00, 4.0262e+06, 1694.57244, a>0.4R_H
4.14, 0.00, 0.2861, 0.0002, 2.2462e+00, 0.2652, 0.0003, -1.9989e-01, 2.0315e+06, 989.45977, collision
4.60, 0.00, 0.6850, 0.0001, 4.2154e-02, 0.3798, 0.0002, 6.1630e-01, 1.0817e+06, 566.45309, d<R_roche
4.95, 0.00, 0.5919, 0.0000, -6.1061e-03, 2502.6932, 0.0001, -1.1002e+00, 2.1654e+06, 991.05508, a<0
8.68, 0.00, 0.0002, 0.0001, 3.0977e-04, 0.2686, 0.1180, 1.3536e-01, 9.2212e+02, 0.54305, a>0.4R_H
5.93, 0.00, 0.1436, 0.0002, 6.9645e-01, 0.1589, 0.0001, 1.1977e-02, 1.0000e+07, 3399.33838, tmax
8.75, 0.00, 0.0001, 0.0001, 2.8607e-04, 0.1641, 0.1641, 8.4241e-02, 8.5381e+02, 0.79213, a>0.4R_H
7.29, 0.00, 0.1274, 0.0008, 6.9764e-01, 0.1653, 0.0006, 1.0437e-01, 1.0000e+07, 3306.61823, tmax
8.57, 0.00, 0.0003, 0.0001, 8.1163e-04, 0.2059, 0.0221, 2.1687e-01, 2.1858e+03, 1.28082, a>0.4R_H
6.23, 0.00, 0.0855, 0.0005, 6.8114e-01, 0.1233, 0.0001, 1.0015e-01, 1.0000e+07, 3284.20360, tmax
7.21, 0.00, 0.1276, 0.0006, 7.0414e-01, 0.1356, 0.0004, 1.0901e-01, 1.0000e+07, 3369.55931, tmax
7.35, 0.00, 0.1309, 0.0009, 7.0077e-01, 0.1558, 0.0004, 6.8786e-02, 1.0000e+07, 3376.79865, tmax
7.67, 0.00, 0.0213, 0.0003, 6.8299e-01, 0.1330, 0.0002, -8.3535e-04, 1.0000e+07, 3212.05268, tmax
5.72, 0.00, 0.6135, 0.0004, 1.0801e-01, 0.7497, 0.0003, 3.3825e+00, 2.7575e+06, 1192.97292, d<R_roche
6.89, 0.00, 0.0621, 0.0007, 6.8314e-01, 0.1103, 0.0002, 4.4369e-02, 1.0000e+07, 3248.66555, tmax
7.84, 0.00, 0.0764, 0.0000, 6.9677e-01, 0.1411, 0.0001, 5.3549e-02, 1.0000e+07, 3217.33934, tmax
6.00, 0.00, 0.5474, 0.0001, 3.0088e-01, 0.7943, 0.0001, 3.8430e+00, 9.8996e+06, 3268.08709, a>0.4R_H
5.59, 0.00, 0.4539, 0.0001, 1.7104e-01, 15017.0129, 0.0000, -1.0289e+00, 5.4911e+06, 2091.97999, a<0
7.65, 0.00, 0.0267, 0.0004, 6.8252e-01, 0.1321, 0.0002, 5.3093e-02, 1.0000e+07, 3227.55829, tmax
8.50, 0.00, 0.0008, 0.0000, 6.7410e-01, 0.2141, 0.0002, 4.7032e-02, 1.0000e+07, 3224.82037, tmax
5.04, 0.00, 0.6682, 0.0000, 1.3458e-01, 0.7757, 0.0002, 2.3537e+00, 4.7861e+06, 1806.75158, d<R_roche
8.38, 0.00, 0.0009, 0.0000, 6.9449e-01, 0.1854, 0.0002, 3.4391e-02, 1.0000e+07, 3202.51721, tmax
4.10, 0.00, 0.3306, 0.0001, 3.2634e+01, 0.2535, 0.0002, -4.9165e-01, 1.7798e+06, 878.80805, collision
6.83, 0.00, 0.0691, 0.0001, 6.8345e-01, 0.1096, 0.0002, 2.0335e-02, 1.0000e+07, 3259.19388, tmax
8.67, 0.00, 0.0002, 0.0001, 3.2174e-04, 0.2004, 0.1374, 1.3870e-01, 9.2212e+02, 0.59442, a>0.4R_H
6.07, 0.00, 0.0686, 0.0000, 6.7455e-01, 0.0965, 0.0001, 4.0922e-02, 1.0000e+07, 3263.72556, tmax
5.15, 0.00, 0.5585, 0.0001, 6.0217e-02, 25084.7323, 0.0001, -1.0214e+00, 2.6744e+06, 1213.71572, a<0
6.63, 0.00, 0.0413, 0.0006, 6.7967e-01, 0.1062, 0.0001, 3.5008e-02, 1.0000e+07, 3231.43510, tmax
4.04, 0.00, 0.9606, 0.0001, 3.7442e+00, 0.4889, 0.0005, -5.6656e-01, 1.7815e+06, 888.91313, collision
7.51, 0.00, 0.0803, 0.0007, 6.8149e-01, 0.1285, 0.0002, 3.8536e-03, 1.0000e+07, 3227.69118, tmax
4.91, 0.00, 0.3401, 0.0001, 1.8776e-01, 0.3606, 0.0002, -4.0777e+00, 1.8444e+06, 858.63587, collision
3.59, 0.00, 0.3342, 0.0009, 2.6246e+00, 0.2677, 0.0005, -3.2704e-01, 6.9774e+05, 403.39598, collision
6.03, 0.00, 0.2805, 0.0001, 6.9654e-01, 0.2424, 0.0001, 9.3021e-02, 1.0000e+07, 3252.76628, tmax
8.92, 0.00, 0.0005, 0.0005, 2.9073e-04, 48378.5939, 1.0000, -1.0024e+00, 8.5381e+02, 0.50301, a<0
7.44, 0.00, 0.1433, 0.0007, 7.0460e-01, 0.1460, 0.0001, 9.3713e-02, 1.0000e+07, 3343.85879, tmax
6.22, 0.00, 0.1035, 0.0005, 6.8179e-01, 0.1441, 0.0000, 7.9734e-03, 1.0000e+07, 3243.98824, tmax
7.41, 0.00, 0.1625, 0.0008, 7.1486e-01, 0.1294, 0.0003, 5.6893e-02, 1.0000e+07, 3425.37164, tmax
6.86, 0.00, 0.0625, 0.0003, 6.8447e-01, 0.1107, 0.0001, -2.8921e-03, 1.0000e+07, 3212.75164, tmax
8.98, 0.00, 0.0001, 0.0001, 2.8705e-04, 59515.4784, 1.0000, -1.0019e+00, 8.5381e+02, 0.50220, a<0
4.83, 0.00, 0.5953, 0.0000, -6.0060e-04, 49425.3314, 0.0002, -1.0142e+00, 3.2644e+06, 1339.38662, a<0
8.97, 0.00, 0.0001, 0.0001, 2.8703e-04, 49545.8745, 1.0000, -1.0022e+00, 8.5381e+02, 0.50341, a<0
5.54, 0.00, 0.8791, 0.0001, 1.5750e+01, 0.6759, 0.0002, -6.7386e-01, 4.3986e+06, 1718.15180, a>0.4R_H
4.79, 0.00, 0.6622, 0.0001, -8.3936e-02, 0.7511, 0.0003, 2.5632e+00, 1.9482e+06, 928.01255, d<R_roche
4.24, 0.00, 0.6801, 0.0018, -1.3074e-01, 0.6552, 0.0014, 1.0383e+00, 3.1489e+05, 192.60818, d<R_roche
7.58, 0.00, 0.0247, 0.0006, 6.7899e-01, 0.1299, 0.0002, 1.1971e-01, 1.0000e+07, 3257.60078, tmax
6.40, 0.00, 0.1020, 0.0003, 6.7881e-01, 0.1381, 0.0001, 5.4872e-03, 1.0000e+07, 3260.15226, tmax
6.94, 0.00, 0.0699, 0.0005, 6.8356e-01, 0.1111, 0.0001, 4.7307e-02, 1.0000e+07, 3228.23117, tmax
6.33, 0.00, 0.0515, 0.0003, 6.7942e-01, 0.1004, 0.0001, 7.6415e-03, 1.0000e+07, 3234.26060, tmax
4.23, 0.00, 0.3174, 0.0002, 7.0679e-01, 0.2431, 0.0001, 1.1775e+00, 2.1556e+06, 1013.05071, collision
4.54, 0.00, 0.4807, 0.0002, -7.6525e-02, 0.9401, 0.0003, 1.1909e+01, 1.2627e+06, 649.01124, a>0.4R_H
8.13, 0.00, 0.0103, 0.0001, 6.9233e-01, 0.1592, 0.0001, 4.8750e-02, 1.0000e+07, 3205.55478, tmax
7.05, 0.00, 0.0924, 0.0001, 6.8840e-01, 0.1303, 0.0001, 9.9377e-02, 1.0000e+07, 3242.40346, tmax
6.58, 0.00, 0.0373, 0.0007, 6.8165e-01, 0.1040, 0.0001, -3.9797e-03, 1.0000e+07, 3257.42876, tmax
8.45, 0.00, 0.0010, 0.0000, 6.7550e-01, 0.2041, 0.0004, 2.9576e-02, 1.0000e+07, 3255.08663, tmax
6.65, 0.00, 0.0387, 0.0008, 6.8041e-01, 0.1066, 0.0001, 8.8526e-02, 1.0000e+07, 3233.51171, tmax
4.77, 0.00, 0.7116, 0.0001, -2.4098e-01, 0.7617, 0.0005, 2.8020e+00, 1.2258e+06, 629.84602, d<R_roche
3.53, 0.00, 0.5484, 0.0005, -1.9277e-01, 0.6394, 0.0018, 7.1820e+00, 6.7503e+05, 396.25170, a>0.4R_H
4.41, 0.00, 136905.3060, 0.0001, -1.0213e+00, 0.8521, 0.0009, -6.7707e-01, 7.7400e+05, 428.06890, a<0
5.03, 0.00, 0.5706, 0.0001, 8.7065e-02, 0.8288, 0.0001, 5.2590e+00, 5.0293e+06, 1882.56573, a>0.4R_H
8.60, 0.00, 0.0001, 0.0001, 2.8852e-04, 0.0707, 0.0707, 1.9845e-01, 8.5381e+02, 0.52992, a>0.4R_H
7.10, 0.00, 0.1009, 0.0001, 6.9270e-01, 0.1310, 0.0001, -1.4232e-03, 1.0000e+07, 3272.97477, tmax
8.21, 0.00, 0.0025, 0.0001, 6.9302e-01, 0.1671, 0.0002, 1.2863e-01, 1.0000e+07, 3198.89243, tmax
3.64, 0.00, 0.2976, 0.0001, -1.7612e+00, 0.2709, 0.0004, -5.9661e-01, 8.0569e+05, 460.52771, collision
3.83, 0.00, 0.3572, 0.0001, -1.5379e+01, 0.2591, 0.0002, -5.4610e-01, 1.1420e+06, 609.86575, collision
5.95, 0.00, 0.4800, 0.0004, 2.9050e-01, 0.7567, 0.0001, 4.0437e+00, 9.6160e+06, 3210.27958, a>0.4R_H
3.57, 0.00, 0.5049, 0.0001, 1.4465e+00, 0.7134, 0.0008, -2.0989e+00, 7.3930e+05, 432.04488, collision
8.52, 0.00, 0.0008, 0.0000, 6.7426e-01, 0.2255, 0.0001, 9.8841e-03, 1.0000e+07, 3219.47331, tmax
4.67, 0.00, 0.6859, 0.0001, -1.4702e-01, 0.6037, 0.0003, 1.6707e+00, 2.0432e+06, 1009.33792, d<R_roche
6.70, 0.00, 0.0398, 0.0002, 6.8163e-01, 0.1075, 0.0002, 1.0171e-02, 1.0000e+07, 3207.94553, tmax
4.61, 0.00, 0.5995, 0.0001, -3.5140e-02, 0.5038, 0.0001, 4.7231e+00, 1.4434e+06, 724.21111, d<R_roche
3.81, 0.00, 0.3305, 0.0001, 2.4087e-01, 0.2401, 0.0004, -2.1178e+00, 9.9428e+05, 534.23852, collision
4.89, 0.00, 0.6995, 0.0001, -1.6375e-01, 0.5250, 0.0002, 1.0710e+00, 3.6958e+06, 1517.42983, d<R_roche
6.49, 0.00, 0.0586, 0.0006, 6.7954e-01, 0.1031, 0.0001, 3.6525e-02, 1.0000e+07, 3239.19405, tmax
7.27, 0.00, 0.1427, 0.0010, 7.1150e-01, 0.1200, 0.0002, 7.3624e-02, 1.0000e+07, 3365.57683, tmax
8.90, 0.00, 0.0002, 0.0002, 2.8707e-04, 36379.4676, 1.0000, -1.0030e+00, 8.5381e+02, 0.50775, a<0
5.24, 0.00, 0.2074, 0.0001, -2.4248e+00, 0.2420, 0.0001, -2.3016e-01, 5.9170e+06, 2178.15210, collision
4.63, 0.00, 0.5062, 0.0001, -2.6155e-02, 0.7584, 0.0003, 4.1590e+00, 1.4926e+06, 738.97265, d<R_roche
8.29, 0.00, 0.0022, 0.0000, 6.9378e-01, 0.1740, 0.0004, 1.2541e-01, 1.0000e+07, 3197.11634, tmax
7.04, 0.00, 0.0843, 0.0001, 6.8716e-01, 0.1225, 0.0002, 6.9301e-02, 1.0000e+07, 3231.27407, tmax
8.58, 0.00, 0.0003, 0.0001, 4.1402e-04, 0.1910, 0.0477, 1.9976e-01, 1.1953e+03, 0.70404, a>0.4R_H
7.80, 0.00, 0.0914, 0.0000, 6.9927e-01, 0.1376, 0.0001, 7.4759e-02, 1.0000e+07, 3278.77217, tmax
7.02, 0.00, 0.0808, 0.0000, 6.8575e-01, 0.1220, 0.0002, 4.5095e-02, 1.0000e+07, 3268.81804, tmax
6.43, 0.00, 0.0709, 0.0004, 6.8008e-01, 0.1058, 0.0001, 7.9936e-02, 1.0000e+07, 3213.68437, tmax
8.82, 0.00, 0.0001, 0.0001, 2.8507e-04, 0.2699, 0.2699, 1.9280e-02, 8.5381e+02, 0.50907, a>0.4R_H
8.64, 0.00, 0.0002, 0.0001, 3.5467e-04, 0.2070, 0.0532, 1.5400e-01, 9.9043e+02, 0.58644, a>0.4R_H
5.22, 0.00, 33.5530, 0.0000, -6.7810e+00, 0.8554, 0.0002, -6.9756e-01, 2.4711e+06, 1068.09727, a<0
4.50, 0.00, 0.5384, 0.0001, 5.8916e+00, 0.3838, 0.0004, -3.6198e-01, 3.2064e+06, 1399.75086, collision
5.29, 0.00, 0.6940, 0.0001, -1.9586e-01, 0.4945, 0.0002, 8.2513e-01, 2.6418e+06, 1135.88096, d<R_roche
5.62, 0.00, 0.4817, 0.0001, 2.1124e-01, 0.6920, 0.0002, 4.2033e+00, 7.1303e+06, 2545.46965, a>0.4R_H
6.66, 0.00, 0.0354, 0.0007, 6.8015e-01, 0.1062, 0.0000, 3.1236e-02, 1.0000e+07, 3248.17324, tmax
5.81, 0.00, 0.7028, 0.0005, 1.0343e-01, 1.9428, 0.0001, -5.9503e+00, 7.3977e+06, 2614.40773, a<0
8.51, 0.00, 0.0008, 0.0000, 6.7372e-01, 0.2195, 0.0002, 1.4993e-01, 1.0000e+07, 3237.41005, tmax
7.33, 0.00, 0.1281, 0.0006, 6.9408e-01, 0.1646, 0.0002, 1.0397e-01, 1.0000e+07, 3275.78613, tmax
8.80, 0.00, 0.0001, 0.0001, 2.8519e-04, 0.2213, 0.2213, 9.9811e-02, 8.5381e+02, 0.50499, a>0.4R_H
4.94, 0.00, 0.7147, 0.0001, -8.8500e-03, 0.4889, 0.0002, 1.4240e+00, 2.1920e+06, 964.97303, d<R_roche
5.78, 0.00, 0.7046, 0.0003, 1.0309e-01, 2889.7203, 0.0003, -1.0740e+00, 6.0853e+06, 2194.96469, a<0
4.92, 0.00, 0.3487, 0.0000, -1.4460e+01, 0.4976, 0.0001, -5.3262e-01, 3.7353e+06, 1543.76804, collision
7.71, 0.00, 0.0193, 0.0001, 6.8696e-01, 0.1347, 0.0002, 1.1415e-01, 1.0000e+07, 3212.69701, tmax
5.00, 0.00, 0.5211, 0.0000, -2.2413e-02, 1.9860, 0.0002, -5.5361e+00, 3.8765e+06, 1549.81222, a<0
7.17, 0.00, 0.1183, 0.0003, 6.9912e-01, 0.1494, 0.0002, 3.4294e-02, 1.0000e+07, 3315.28844, tmax
8.87, 0.00, 0.0002, 0.0002, 2.7691e-04, 0.3634, 0.3634, 5.4341e-03, 8.5381e+02, 0.51072, a>0.4R_H
7.43, 0.00, 0.1348, 0.0006, 7.0150e-01, 0.1473, 0.0001, -7.2452e-04, 1.0000e+07, 3344.96464, tmax
5.56, 0.00, 0.2187, 0.0002, 6.9401e-01, 0.2192, 0.0000, 3.6398e-03, 1.0000e+07, 3317.17912, tmax
4.28, 0.00, 0.3828, 0.0004, 7.6370e+00, 0.4523, 0.0007, -4.6212e-01, 6.2890e+05, 364.13952, collision
7.34, 0.00, 0.1251, 0.0008, 6.9231e-01, 0.1651, 0.0001, 1.9234e-02, 1.0000e+07, 3321.66608, tmax
4.96, 0.00, 0.5297, 0.0001, 4.4058e+00, 0.4840, 0.0002, -2.4202e-01, 3.2891e+06, 1407.75177, collision
6.98, 0.00, 0.0777, 0.0001, 6.8421e-01, 0.1191, 0.0001, 5.6576e-02, 1.0000e+07, 3242.14399, tmax
7.20, 0.00, 0.1276, 0.0004, 7.0271e-01, 0.1433, 0.0001, 8.2881e-03, 1.0000e+07, 3324.00940, tmax
5.69, 0.00, 0.2797, 0.0002, 7.1728e-01, 0.2529, 0.0001, 2.2816e-02, 1.0000e+07, 3401.00643, tmax
6.26, 0.00, 0.0856, 0.0001, 6.7932e-01, 0.1095, 0.0001, 3.0473e-02, 1.0000e+07, 3262.40861, tmax
8.35, 0.00, 0.0009, 0.0000, 6.9323e-01, 0.1859, 0.0001, 6.6316e-02, 1.0000e+07, 3203.60059, tmax
5.12, 0.00, 1130983.4001, 0.0000, -1.0073e+00, 0.6259, 0.0002, -1.0025e+00, 5.6431e+06, 2135.01740, a<0
3.92, 0.00, 0.5901, 0.0001, -7.7167e-02, 0.7656, 0.0003, 3.3351e+00, 1.2459e+06, 646.58056, d<R_roche
5.33, 0.00, 0.6748, 0.0002, -1.0138e-01, 0.5424, 0.0001, 1.2213e+00, 2.4703e+06, 1053.04725, d<R_roche
5.70, 0.00, 0.3699, 0.0002, -3.8788e+00, 0.4311, 0.0000, -6.6728e-01, 5.0691e+06, 1887.99679, collision
7.14, 0.00, 0.1113, 0.0001, 6.9735e-01, 0.1280, 0.0003, 1.1345e-01, 1.0000e+07, 3308.47232, tmax
8.19, 0.00, 0.0033, 0.0002, 6.9280e-01, 0.1643, 0.0007, 9.1723e-02, 1.0000e+07, 3203.98211, tmax
4.59, 0.00, 0.4917, 0.0001, -5.8822e-02, 0.8285, 0.0004, 2.8226e+00, 9.6553e+05, 498.60871, d<R_roche
7.23, 0.00, 0.1336, 0.0009, 7.0685e-01, 0.1297, 0.0001, 1.0373e-01, 1.0000e+07, 3307.46817, tmax
5.38, 0.00, 0.4606, 0.0001, 3.4945e-02, 3.5369, 0.0003, -3.8143e+00, 5.2107e+06, 2089.97117, a<0
6.60, 0.00, 0.0517, 0.0006, 6.7917e-01, 0.1103, 0.0002, 5.1254e-02, 1.0000e+07, 3215.83217, tmax
7.76, 0.00, 0.0942, 0.0000, 6.9684e-01, 0.1381, 0.0002, 9.1010e-02, 1.0000e+07, 3275.96481, tmax
3.52, 0.00, 0.3271, 0.0016, 9.0909e+00, 0.2792, 0.0008, -3.7867e-01, 5.5605e+05, 334.81520, collision
6.56, 0.00, 0.0397, 0.0006, 6.7909e-01, 0.1048, 0.0002, 5.0565e-02, 1.0000e+07, 3242.80313, tmax
3.84, 0.00, 0.6452, 0.0001, -2.7588e-01, 0.6009, 0.0003, 1.5661e+00, 1.2032e+06, 643.37098, d<R_roche
5.55, 0.00, 3403.0229, 0.0002, -1.2723e+00, 0.6297, 0.0001, -6.9788e-01, 3.0296e+06, 1326.09925, a<0
6.48, 0.00, 0.0703, 0.0008, 6.8278e-01, 0.1043, 0.0001, 9.6790e-02, 1.0000e+07, 3244.25661, tmax
4.53, 0.00, 0.5642, 0.0001, -1.0932e-01, 10.4023, 0.0007, -5.9297e+00, 1.1340e+06, 612.40352, a<0
8.33, 0.00, 0.0012, 0.0000, 6.9347e-01, 0.1783, 0.0002, 6.2911e-02, 1.0000e+07, 3172.39955, tmax
4.47, 0.00, 0.6066, 0.0000, -2.8254e-02, 0.8336, 0.0003, 1.7142e+01, 3.0602e+06, 1342.39844, a>0.4R_H
4.73, 0.00, 0.5626, 0.0000, 5.0325e-03, 0.8248, 0.0001, 2.9787e+00, 2.6307e+06, 1121.81927, d<R_roche
6.54, 0.00, 0.0674, 0.0006, 6.8095e-01, 0.1203, 0.0002, 2.6371e-02, 1.0000e+07, 3218.54806, tmax
6.04, 0.00, 0.2106, 0.0002, 6.8061e-01, 0.2120, 0.0001, 4.6872e-03, 1.0000e+07, 3232.23117, tmax
7.74, 0.00, 0.0413, 0.0000, 6.8734e-01, 0.1374, 0.0003, 1.1565e-02, 1.0000e+07, 3227.68775, tmax
8.56, 0.00, 0.0003, 0.0000, 4.4338e-03, 0.2191, 0.0031, 2.1739e-01, 1.1714e+04, 6.77834, a>0.4R_H
5.23, 0.00, 0.5424, 0.0000, 7.2793e-02, 14.3950, 0.0005, -2.7233e+00, 3.4472e+06, 1449.32837, a<0
7.87, 0.00, 0.0789, 0.0000, 6.9654e-01, 0.1431, 0.0001, 3.1601e-02, 1.0000e+07, 3239.90935, tmax
6.16, 0.00, 0.0415, 0.0003, 6.8321e-01, 0.0983, 0.0001, 9.3073e-02, 1.0000e+07, 3216.93631, tmax
8.24, 0.00, 0.0022, 0.0001, 6.9328e-01, 0.1720, 0.0004, -1.1286e-02, 1.0000e+07, 3223.94970, tmax
6.74, 0.00, 0.0686, 0.0000, 6.8603e-01, 0.1082, 0.0000, 8.7432e-02, 1.0000e+07, 3219.06762, tmax
3.97, 0.00, 0.3313, 0.0001, 9.5278e+01, 0.2653, 0.0002, -1.2227e+01, 1.2732e+06, 659.59389, collision
7.56, 0.00, 0.0421, 0.0005, 6.7673e-01, 0.1287, 0.0003, 7.7305e-03, 1.0000e+07, 3216.60863, tmax
6.95, 0.00, 0.0681, 0.0005, 6.8557e-01, 0.1121, 0.0002, 1.0696e-01, 1.0000e+07, 3221.25519, tmax
4.75, 0.00, 0.3557, 0.0001, 1.1171e+00, 0.3303, 0.0003, 6.7458e-01, 2.3569e+06, 1122.08261, collision
6.78, 0.00, 0.0799, 0.0006, 6.8477e-01, 0.1083, 0.0002, 1.0660e-01, 1.0000e+07, 3256.14654, tmax
3.85, 0.00, 1.1153, 0.0001, -5.9521e+00, 0.3306, 0.0006, -2.6638e-01, 1.2025e+06, 638.28586, a<0
4.12, 0.00, 0.8931, 0.0001, 1.7692e+01, 0.4862, 0.0003, -6.1295e-01, 1.7326e+06, 853.72792, a>0.4R_H
4.70, 0.00, 0.6512, 0.0000, -1.3253e-01, 0.8380, 0.0002, 3.6359e+00, 9.8858e+05, 495.66228, d<R_roche
4.49, 0.00, 0.6003, 0.0001, -9.6783e-03, 0.7741, 0.0005, 8.4633e-01, 9.0846e+05, 477.48673, d<R_roche
8.09, 0.00, 0.0126, 0.0001, 6.9211e-01, 0.1549, 0.0001, 8.1009e-03, 1.0000e+07, 3204.08392, tmax
3.66, 0.00, 0.3067, 0.0004, 3.3520e+00, 0.2800, 0.0010, -3.2238e-01, 8.3658e+05, 478.85942, collision
8.08, 0.00, 0.0138, 0.0000, 6.9181e-01, 0.1546, 0.0003, 9.8133e-02, 1.0000e+07, 3217.19774, tmax
7.97, 0.00, 0.0252, 0.0000, 6.9126e-01, 0.1472, 0.0002, 5.5806e-02, 1.0000e+07, 3221.14065, tmax
3.75, 0.00, 0.2903, 0.0001, 8.9861e+00, 0.2826, 0.0003, -3.6441e-01, 1.0537e+06, 574.24688, collision
6.41, 0.00, 0.0539, 0.0005, 6.8080e-01, 0.1035, 0.0001, 4.3665e-03, 1.0000e+07, 3206.63484, tmax
7.54, 0.00, 0.0543, 0.0007, 6.7775e-01, 0.1278, 0.0003, 3.9665e-04, 1.0000e+07, 3219.36680, tmax
7.55, 0.00, 0.0499, 0.0007, 6.8605e-01, 0.1282, 0.0003, 3.1767e-02, 1.0000e+07, 3218.48014, tmax
6.72, 0.00, 0.0718, 0.0002, 6.8673e-01, 0.1070, 0.0001, -2.9391e-03, 1.0000e+07, 3243.54881, tmax
7.13, 0.00, 0.1093, 0.0001, 6.9571e-01, 0.1298, 0.0002, -1.6266e-03, 1.0000e+07, 3296.92425, tmax
5.28, 0.00, 0.5577, 0.0000, 3.0327e-02, 37092.6520, 0.0000, -1.0156e+00, 2.5562e+06, 1098.76497, a<0
6.38, 0.00, 0.0418, 0.0005, 6.8076e-01, 0.1023, 0.0002, 7.0541e-03, 1.0000e+07, 3256.48658, tmax
5.83, 0.00, 0.2616, 0.0001, 7.1031e-01, 0.2443, 0.0002, 1.8400e-02, 1.0000e+07, 3462.63685, tmax
7.78, 0.00, 0.0954, 0.0000, 6.9998e-01, 0.1385, 0.0002, 6.7887e-03, 1.0000e+07, 3249.63778, tmax
6.76, 0.00, 0.0638, 0.0007, 6.8441e-01, 0.1078, 0.0001, 5.8122e-02, 1.0000e+07, 3235.76846, tmax
6.92, 0.00, 0.0640, 0.0005, 6.8418e-01, 0.1119, 0.0000, 9.6067e-02, 1.0000e+07, 3246.29111, tmax
4.43, 0.00, 0.7219, 0.0001, -2.0705e-01, 0.5513, 0.0002, 8.5769e-01, 2.9986e+06, 1332.46037, d<R_roche
7.30, 0.00, 0.1478, 0.0009, 7.1568e-01, 0.1200, 0.0007, 3.6467e-03, 1.0000e+07, 3386.80176, tmax
7.31, 0.00, 0.1257, 0.0009, 6.9463e-01, 0.1616, 0.0001, 3.3767e-03, 1.0000e+07, 3319.55129, tmax
7.75, 0.00, 0.0726, 0.0000, 6.9130e-01, 0.1382, 0.0001, 4.7314e-03, 1.0000e+07, 3231.80787, tmax
5.89, 0.00, 0.2246, 0.0003, 6.9556e-01, 0.2031, 0.0001, 2.4327e-02, 1.0000e+07, 3297.18854, tmax
7.08, 0.00, 0.0942, 0.0001, 6.9183e-01, 0.1231, 0.0002, 9.6739e-02, 1.0000e+07, 3269.99873, tmax
6.14, 0.00, 0.0558, 0.0001, 6.7831e-01, 0.0980, 0.0001, 3.1919e-02, 1.0000e+07, 3235.46356, tmax
5.49, 0.00, 0.7067, 0.0003, -2.9383e-01, 0.6871, 0.0001, 1.2966e+00, 3.5957e+06, 1441.28234, d<R_roche
5.76, 0.00, 0.4870, 0.0002, 2.0344e-01, 21.4960, 0.0001, -2.1183e+00, 6.5367e+06, 2358.36506, a<0
6.20, 0.00, 0.0361, 0.0001, 6.7900e-01, 0.0993, 0.0001, 8.5361e-02, 1.0000e+07, 3234.14505, tmax
5.73, 0.00, 0.2893, 0.0004, 6.8135e-01, 0.2853, 0.0003, 2.0551e-02, 1.0000e+07, 3303.17763, tmax
7.18, 0.00, 0.1210, 0.0005, 7.0124e-01, 0.1417, 0.0001, 1.2127e-01, 1.0000e+07, 3303.86413, tmax
5.36, 0.00, 0.6486, 0.0002, 1.5617e-01, 1.1266, 0.0003, -4.7926e+01, 6.4365e+06, 2375.22600, a<0
6.17, 0.00, 0.0621, 0.0001, 6.7836e-01, 0.1116, 0.0001, 2.5724e-02, 1.0000e+07, 3252.69568, tmax
8.00, 0.00, 0.0172, 0.0000, 6.9128e-01, 0.1497, 0.0002, 1.1030e-01, 1.0000e+07, 3206.85102, tmax
6.99, 0.00, 0.0814, 0.0001, 6.8446e-01, 0.1192, 0.0001, 7.0225e-02, 1.0000e+07, 3247.91886, tmax
6.09, 0.00, 0.5484, 0.0002, 3.4283e-01, 0.6958, 0.0002, 3.2603e+00, 8.6781e+06, 3095.75515, a>0.4R_H
6.29, 0.00, 0.0964, 0.0006, 6.7786e-01, 0.1217, 0.0001, 6.9971e-02, 1.0000e+07, 3224.78146, tmax
6.50, 0.00, 0.0484, 0.0008, 6.7953e-01, 0.1042, 0.0001, 5.3858e-02, 1.0000e+07, 3231.04043, tmax
5.67, 0.00, 0.3383, 0.0001, 1.0570e+00, 0.2168, 0.0001, 2.0648e+00, 8.2905e+06, 2818.05039, collision
7.85, 0.00, 0.0773, 0.0000, 6.9730e-01, 0.1412, 0.0001, 9.6829e-02, 1.0000e+07, 3232.25284, tmax
8.16, 0.00, 0.0048, 0.0002, 6.9282e-01, 0.1612, 0.0001, 1.8388e-03, 1.0000e+07, 3178.07360, tmax
5.82, 0.00, 0.4598, 0.0002, 2.1476e-01, 122.6320, 0.0001, -1.4356e+00, 6.9226e+06, 2449.70755, a<0
6.15, 0.00, 0.0597, 0.0002, 6.7769e-01, 0.1063, 0.0002, 7.5082e-02, 1.0000e+07, 3246.82872, tmax
7.06, 0.00, 0.0991, 0.0001, 6.8811e-01, 0.1348, 0.0001, 6.3249e-02, 1.0000e+07, 3258.57152, tmax
5.77, 0.00, 0.4559, 0.0001, 4.7159e-01, 0.5940, 0.0001, -3.6194e+00, 6.1817e+06, 2221.14674, collision
7.72, 0.00, 0.0211, 0.0000, 6.8679e-01, 0.1350, 0.0001, 1.0239e-01, 1.0000e+07, 3214.47720, tmax
8.30, 0.00, 0.0009, 0.0000, 6.9361e-01, 0.1765, 0.0005, 3.3217e-02, 1.0000e+07, 3167.11012, tmax
6.44, 0.00, 0.0539, 0.0007, 6.8110e-01, 0.1017, 0.0000, -1.6466e-03, 1.0000e+07, 3207.08365, tmax
7.60, 0.00, 0.0271, 0.0006, 6.7794e-01, 0.1306, 0.0000, 1.0746e-01, 1.0000e+07, 3227.27110, tmax
5.66, 0.00, 0.7272, 0.0004, -2.7066e-02, 0.7183, 0.0003, 1.8719e+00, 9.1057e+06, 3150.40052, d<R_roche
8.06, 0.00, 0.0162, 0.0000, 6.9171e-01, 0.1538, 0.0002, 1.0565e-01, 1.0000e+07, 3218.88402, tmax
6.02, 0.00, 0.2258, 0.0005, 6.8835e-01, 0.2034, 0.0002, 8.5463e-02, 1.0000e+07, 3250.62555, tmax
7.69, 0.00, 0.0145, 0.0000, 6.8580e-01, 0.1345, 0.0002, 7.5782e-02, 1.0000e+07, 3205.08687, tmax
5.17, 0.00, 0.5200, 0.0001, 1.4094e-01, 74280.5528, 0.0001, -1.0103e+00, 6.4182e+06, 2374.75232, a<0
6.06, 0.00, 0.2075, 0.0001, 6.8787e-01, 0.1796, 0.0002, -1.6978e-02, 1.0000e+07, 3256.11694, tmax
5.58, 0.00, 0.2590, 0.0003, 6.7751e-01, 0.2541, 0.0001, 5.6493e-02, 1.0000e+07, 3310.83580, tmax
7.01, 0.00, 0.0790, 0.0000, 6.8634e-01, 0.1200, 0.0001, 3.2269e-03, 1.0000e+07, 3228.12118, tmax
5.87, 0.00, 0.6166, 0.0002, 2.5759e-01, 0.6998, 0.0001, 3.3835e+00, 8.4486e+06, 2873.45130, a>0.4R_H
7.95, 0.00, 0.0268, 0.0000, 6.9138e-01, 0.1463, 0.0002, 1.7602e-02, 1.0000e+07, 3191.64000, tmax
7.59, 0.00, 0.0353, 0.0005, 6.7716e-01, 0.1304, 0.0001, 8.0623e-02, 1.0000e+07, 3219.61917, tmax
6.08, 0.00, 0.0492, 0.0002, 6.7975e-01, 0.1115, 0.0001, 1.1368e-03, 1.0000e+07, 3226.52303, tmax
8.46, 0.00, 0.0009, 0.0000, 6.7542e-01, 0.2065, 0.0000, 5.6069e-02, 1.0000e+07, 3241.68753, tmax
